0.46134
0.46146
0.461578
0.461694
0.461808
0.46192
0.46203
0.462139
0.462246
0.462351
0.462455
0.462558
0.462659
0.462759
0.462857
0.462955
0.463051
0.463146
0.46324
0.463333
0.463424
0.463515
0.463606
0.463695
0.463783
0.463871
0.463958
0.464044
0.464129
0.464214
0.464299
0.464382
0.464466
0.464548
0.464631
0.464712
0.464794
0.464875
0.464956
0.465036
0.465116
0.465196
0.465275
0.465354
0.465434
0.465512
0.465591
0.46567
0.465748
0.465826
0.465904
0.465983
0.466061
0.466139
0.466217
0.466294
0.466372
0.46645
0.466528
0.466606
0.466684
0.466762
0.46684
0.466919
0.466997
0.467075
0.467154
0.467232
0.467311
0.46739
0.467469
0.467548
0.467627
0.467706
0.467786
0.467866
0.467946
0.468026
0.468106
0.468186
0.468267
0.468347
0.468428
0.468509
0.468591
0.468672
0.468754
0.468836
0.468918
0.469
0.469083
0.469165
0.469248
0.469331
0.469414
0.469498
0.469582
0.469666
0.46975
0.469834
0.469918
0.470003
0.470088
0.470173
0.470258
0.470344
0.470429
0.470515
0.470601
0.470688
0.470774
0.470861
0.470947
0.471034
0.471121
0.471209
0.471296
0.471384
0.471472
0.47156
0.471648
0.471736
0.471824
0.471913
0.472002
0.47209
0.472179
0.472269
0.472358
0.472447
0.472537
0.472626
0.472716
0.472806
0.472896
0.472986
0.473076
0.473167
0.473257
0.473348
0.473438
0.473529
0.47362
0.473711
0.473802
0.473893
0.473984
0.474075
0.474166
0.474258
0.474349
0.474441
0.474532
0.474624
0.474715
0.474807
0.474899
0.47499
0.475082
0.475174
0.475266
0.475358
0.47545
0.475541
0.475633
0.475725
0.475817
0.475909
0.476001
0.476093
0.476185
0.476277
0.476369
0.476461
0.476553
0.476645
0.476737
0.476829
0.476921
0.477013
0.477105
0.477197
0.477289
0.477381
0.477472
0.477564
0.477656
0.477748
0.477839
0.477931
0.478022
0.478114
0.478205
0.478297
0.478388
0.47848
0.478571
0.478662
0.478754
0.478845
0.478936
0.479027
0.479118
0.479209
0.4793
0.47939
0.479481
0.479572
0.479662
0.479753
0.479844
0.479934
0.480024
0.480115
0.480205
0.480295
0.480385
0.480475
0.480565
0.480655
0.480745
0.480834
0.480924
0.481014
0.481103
0.481192
0.481282
0.481371
0.48146
0.481549
0.481638
0.481727
0.481816
0.481905
0.481994
0.482083
0.482171
0.48226
0.482348
0.482437
0.482525
0.482613
0.482701
0.482789
0.482877
0.482965
0.483053
0.483141
0.483229
0.483316
0.483404
0.483491
0.483579
0.483666
0.483753
0.483841
0.483928
0.484015
0.484102
0.484189
0.484276
0.484363
0.484449
0.484536
0.484623
0.484709
0.484796
0.484882
0.484969
0.485055
0.485141
0.485228
0.485314
0.4854
0.485486
0.485572
0.485658
0.485744
0.48583
0.485916
0.486002
0.486087
0.486173
0.486259
0.486344
0.48643
0.486515
0.486601
0.486686
0.486772
0.486857
0.486942
0.487028
0.487113
0.487198
0.487283
0.487369
0.487454
0.487539
0.487624
0.487709
0.487794
0.487879
0.487964
0.488049
0.488134
0.488219
0.488304
0.488389
0.488474
0.488558
0.488643
0.488728
0.488813
0.488898
0.488983
0.489068
0.489152
0.489237
0.489322
0.489407
0.489492
0.489576
0.489661
0.489746
0.489831
0.489915
0.49
0.490085
0.49017
0.490255
0.49034
0.490424
0.490509
0.490594
0.490679
0.490764
0.490849
0.490934
0.491019
0.491104
0.491189
0.491274
0.491359
0.491444
0.491529
0.491614
0.491699
0.491784
0.491869
0.491955
0.49204
0.492125
0.49221
0.492296
0.492381
0.492466
0.492552
0.492637
0.492723
0.492808
0.492894
0.492979
0.493065
0.493151
0.493236
0.493322
0.493408
0.493494
0.49358
0.493666
0.493752
0.493838
0.493924
0.49401
0.494096
0.494182
0.494268
0.494355
0.494441
0.494527
0.494614
0.4947
0.494787
0.494873
0.49496
0.495047
0.495133
0.49522
0.495307
0.495394
0.495481
0.495568
0.495655
0.495742
0.495829
0.495916
0.496004
0.496091
0.496178
0.496266
0.496353
0.496441
0.496528
0.496616
0.496704
0.496792
0.49688
0.496967
0.497055
0.497143
0.497231
0.49732
0.497408
0.497496
0.497584
0.497673
0.497761
0.49785
0.497938
0.498027
0.498116
0.498204
0.498293
0.498382
0.498471
0.49856
0.498649
0.498738
0.498827
0.498916
0.499006
0.499095
0.499184
0.499274
0.499363
0.499453
0.499542
0.499632
0.499722
0.499812
0.499902
0.499991
0.500081
0.500171
0.500262
0.500352
0.500442
0.500532
0.500622
0.500713
0.500803
0.500894
0.500984
0.501075
0.501165
0.501256
0.501347
0.501438
0.501529
0.501619
0.50171
0.501801
0.501893
0.501984
0.502075
0.502166
0.502257
0.502349
0.50244
0.502531
0.502623
0.502714
0.502806
0.502897
0.502989
0.503081
0.503172
0.503264
0.503356
0.503448
0.50354
0.503632
0.503724
0.503816
0.503908
0.504
0.504092
0.504184
0.504277
0.504369
0.504461
0.504554
0.504646
0.504738
0.504831
0.504923
0.505016
0.505109
0.505201
0.505294
0.505386
0.505479
0.505572
0.505665
0.505757
0.50585
0.505943
0.506036
0.506129
0.506222
0.506315
0.506408
0.506501
0.506594
0.506687
0.50678
0.506873
0.506966
0.507059
0.507153
0.507246
0.507339
0.507432
0.507525
0.507619
0.507712
0.507805
0.507899
0.507992
0.508085
0.508179
0.508272
0.508366
0.508459
0.508552
0.508646
0.508739
0.508833
0.508926
0.50902
0.509113
0.509207
0.5093
0.509394
0.509487
0.509581
0.509674
0.509768
0.509861
0.509955
0.510049
0.510142
0.510236
0.510329
0.510423
0.510516
0.51061
0.510704
0.510797
0.510891
0.510984
0.511078
0.511171
0.511265
0.511358
0.511452
0.511545
0.511639
0.511732
0.511826
0.511919
0.512013
0.512106
0.5122
0.512293
0.512387
0.51248
0.512574
0.512667
0.512761
0.512854
0.512947
0.513041
0.513134
0.513227
0.513321
0.513414
0.513507
0.513601
0.513694
0.513787
0.51388
0.513974
0.514067
0.51416
0.514253
0.514346
0.51444
0.514533
0.514626
0.514719
0.514812
0.514905
0.514998
0.515091
0.515184
0.515277
0.51537
0.515463
0.515555
0.515648
0.515741
0.515834
0.515927
0.516019
0.516112
0.516205
0.516297
0.51639
0.516483
0.516575
0.516668
0.51676
0.516853
0.516945
0.517038
0.51713
0.517222
0.517315
0.517407
0.517499
0.517592
0.517684
0.517776
0.517868
0.51796
0.518053
0.518145
0.518237
0.518329
0.518421
0.518513
0.518605
0.518697
0.518788
0.51888
0.518972
0.519064
0.519156
0.519247
0.519339
0.519431
0.519522
0.519614
0.519705
0.519797
0.519888
0.51998
0.520071
0.520162
0.520254
0.520345
0.520436
0.520528
0.520619
0.52071
0.520801
0.520892
0.520983
0.521074
0.521165
0.521256
0.521347
0.521438
0.521529
0.52162
0.521711
0.521802
0.521892
0.521983
0.522074
0.522164
0.522255
0.522346
0.522436
0.522527
0.522617
0.522708
0.522798
0.522888
0.522979
0.523069
0.523159
0.52325
0.52334
0.52343
0.52352
0.52361
0.5237
0.523791
0.523881
0.523971
0.524061
0.524151
0.52424
0.52433
0.52442
0.52451
0.5246
0.52469
0.524779
0.524869
0.524959
0.525048
0.525138
0.525228
0.525317
0.525407
0.525496
0.525586
0.525675
0.525765
0.525854
0.525944
0.526033
0.526122
0.526212
0.526301
0.52639
0.526479
0.526569
0.526658
0.526747
0.526836
0.526925
0.527014
0.527103
0.527193
0.527282
0.527371
0.52746
0.527549
0.527637
0.527726
0.527815
0.527904
0.527993
0.528082
0.528171
0.52826
0.528348
0.528437
0.528526
0.528615
0.528703
0.528792
0.528881
0.528969
0.529058
0.529147
0.529235
0.529324
0.529412
0.529501
0.52959
0.529678
0.529767
0.529855
0.529944
0.530032
0.530121
0.530209
0.530298
0.530386
0.530475
0.530563
0.530651
0.53074
0.530828
0.530917
0.531005
0.531093
0.531182
0.53127
0.531359
0.531447
0.531535
0.531624
0.531712
0.5318
0.531889
0.531977
0.532065
0.532153
0.532242
0.53233
0.532418
0.532507
0.532595
0.532683
0.532772
0.53286
0.532948
0.533036
0.533125
0.533213
0.533301
0.53339
0.533478
0.533566
0.533654
0.533743
0.533831
0.533919
0.534008
0.534096
0.534184
0.534273
0.534361
0.534449
0.534538
0.534626
0.534714
0.534803
0.534891
0.534979
0.535068
0.535156
0.535245
0.535333
0.535421
0.53551
0.535598
0.535687
0.535775
0.535863
0.535952
0.53604
0.536129
0.536217
0.536306
0.536394
0.536483
0.536572
0.53666
0.536749
0.536837
0.536926
0.537014
0.537103
0.537192
0.53728
0.537369
0.537458
0.537547
0.537635
0.537724
0.537813
0.537902
0.53799
0.538079
0.538168
0.538257
0.538346
0.538435
0.538523
0.538612
0.538701
0.53879
0.538879
0.538968
0.539057
0.539146
0.539235
0.539324
0.539414
0.539503
0.539592
0.539681
0.53977
0.539859
0.539949
0.540038
0.540127
0.540216
0.540306
0.540395
0.540485
0.540574
0.540663
0.540753
0.540842
0.540932
0.541021
0.541111
0.5412
0.54129
0.54138
0.541469
0.541559
0.541649
0.541738
0.541828
0.541918
0.542008
0.542098
0.542187
0.542277
0.542367
0.542457
0.542547
0.542637
0.542727
0.542817
0.542907
0.542997
0.543087
0.543178
0.543268
0.543358
0.543448
0.543539
0.543629
0.543719
0.54381
0.5439
0.54399
0.544081
0.544171
0.544262
0.544352
0.544443
0.544533
0.544624
0.544715
0.544805
0.544896
0.544987
0.545078
0.545168
0.545259
0.54535
0.545441
0.545532
0.545623
0.545714
0.545805
0.545896
0.545987
0.546078
0.546169
0.54626
0.546352
0.546443
0.546534
0.546625
0.546717
0.546808
0.546899
0.546991
0.547082
0.547174
0.547265
0.547356
0.547448
0.54754
0.547631
0.547723
0.547814
0.547906
0.547998
0.54809
0.548181
0.548273
0.548365
0.548457
0.548549
0.548641
0.548733
0.548825
0.548917
0.549009
0.549101
0.549193
0.549285
0.549377
0.549469
0.549561
0.549653
0.549746
0.549838
0.54993
0.550023
0.550115
0.550207
0.5503
0.550392
0.550485
0.550577
0.55067
0.550762
0.550855
0.550947
0.55104
0.551132
0.551225
0.551318
0.55141
0.551503
0.551596
0.551689
0.551781
0.551874
0.551967
0.55206
0.552153
0.552246
0.552339
0.552432
0.552525
0.552618
0.552711
0.552804
0.552897
0.55299
0.553083
0.553176
0.553269
0.553362
0.553456
0.553549
0.553642
0.553735
0.553828
0.553922
0.554015
0.554108
0.554202
0.554295
0.554388
0.554482
0.554575
0.554669
0.554762
0.554855
0.554949
0.555042
0.555136
0.555229
0.555323
0.555417
0.55551
0.555604
0.555697
0.555791
0.555884
0.555978
0.556072
0.556165
0.556259
0.556353
0.556446
0.55654
0.556634
0.556728
0.556821
0.556915
0.557009
0.557103
0.557196
0.55729
0.557384
0.557478
0.557572
0.557665
0.557759
0.557853
0.557947
0.558041
0.558135
0.558228
0.558322
0.558416
0.55851
0.558604
0.558698
0.558792
0.558886
0.55898
0.559073
0.559167
0.559261
0.559355
0.559449
0.559543
0.559637
0.559731
0.559825
0.559919
0.560013
0.560107
0.560201
0.560295
0.560388
0.560482
0.560576
0.56067
0.560764
0.560858
0.560952
0.561046
0.56114
0.561234
0.561328
0.561422
0.561515
0.561609
0.561703
0.561797
0.561891
0.561985
0.562079
0.562173
0.562267
0.56236
0.562454
0.562548
0.562642
0.562736
0.56283
0.562923
0.563017
0.563111
0.563205
0.563298
0.563392
0.563486
0.56358
0.563673
0.563767
0.563861
0.563955
0.564048
0.564142
0.564236
0.564329
0.564423
0.564516
0.56461
0.564704
0.564797
0.564891
0.564984
0.565078
0.565171
0.565265
0.565358
0.565452
0.565545
0.565639
0.565732
0.565826
0.565919
0.566012
0.566106
0.566199
0.566292
0.566386
0.566479
0.566572
0.566665
0.566758
0.566852
0.566945
0.567038
0.567131
0.567224
0.567317
0.56741
0.567503
0.567596
0.567689
0.567782
0.567875
0.567968
0.568061
0.568154
0.568247
0.56834
0.568432
0.568525
0.568618
0.568711
0.568803
0.568896
0.568989
0.569081
0.569174
0.569267
0.569359
0.569452
0.569544
0.569637
0.569729
0.569821
0.569914
0.570006
0.570098
0.570191
0.570283
0.570375
0.570467
0.57056
0.570652
0.570744
0.570836
0.570928
0.57102
0.571112
0.571204
0.571296
0.571388
0.57148
0.571571
0.571663
0.571755
0.571847
0.571939
0.57203
0.572122
0.572213
0.572305
0.572397
0.572488
0.57258
0.572671
0.572762
0.572854
0.572945
0.573036
0.573128
0.573219
0.57331
0.573401
0.573492
0.573583
0.573675
0.573766
0.573857
0.573947
0.574038
0.574129
0.57422
0.574311
0.574402
0.574492
0.574583
0.574674
0.574764
0.574855
0.574946
0.575036
0.575127
0.575217
0.575307
0.575398
0.575488
0.575578
0.575669
0.575759
0.575849
0.575939
0.576029
0.576119
0.576209
0.576299
0.576389
0.576479
0.576569
0.576659
0.576749
0.576838
0.576928
0.577018
0.577108
0.577197
0.577287
0.577376
0.577466
0.577555
0.577645
0.577734
0.577823
0.577913
0.578002
0.578091
0.57818
0.578269
0.578358
0.578447
0.578536
0.578625
0.578714
0.578803
0.578892
0.578981
0.57907
0.579158
0.579247
0.579336
0.579424
0.579513
0.579602
0.57969
0.579779
0.579867
0.579955
0.580044
0.580132
0.58022
0.580309
0.580397
0.580485
0.580573
0.580661
0.580749
0.580837
0.580925
0.581013
0.581101
0.581189
0.581277
0.581364
0.581452
0.58154
0.581627
0.581715
0.581803
0.58189
0.581978
0.582065
0.582152
0.58224
0.582327
0.582414
0.582502
0.582589
0.582676
0.582763
0.58285
0.582937
0.583025
0.583112
0.583199
0.583285
0.583372
0.583459
0.583546
0.583633
0.58372
0.583806
0.583893
0.58398
0.584066
0.584153
0.584239
0.584326
0.584412
0.584499
0.584585
0.584671
0.584758
0.584844
0.58493
0.585016
0.585103
0.585189
0.585275
0.585361
0.585447
0.585533
0.585619
0.585705
0.585791
0.585877
0.585962
0.586048
0.586134
0.58622
0.586305
0.586391
0.586477
0.586562
0.586648
0.586733
0.586819
0.586904
0.58699
0.587075
0.587161
0.587246
0.587331
0.587416
0.587502
0.587587
0.587672
0.587757
0.587842
0.587927
0.588013
0.588098
0.588183
0.588268
0.588352
0.588437
0.588522
0.588607
0.588692
0.588777
0.588862
0.588946
0.589031
0.589116
0.5892
0.589285
0.58937
0.589454
0.589539
0.589623
0.589708
0.589792
0.589877
0.589961
0.590045
0.59013
0.590214
0.590298
0.590383
0.590467
0.590551
0.590635
0.59072
0.590804
0.590888
0.590972
0.591056
0.59114
0.591224
0.591308
0.591392
0.591476
0.59156
0.591644
0.591728
0.591812
0.591896
0.59198
0.592063
0.592147
0.592231
0.592315
0.592399
0.592482
0.592566
0.59265
0.592733
0.592817
0.5929
0.592984
0.593068
0.593151
0.593235
0.593318
0.593402
0.593485
0.593569
0.593652
0.593736
0.593819
0.593902
0.593986
0.594069
0.594152
0.594236
0.594319
0.594402
0.594486
0.594569
0.594652
0.594735
0.594819
0.594902
0.594985
0.595068
0.595151
0.595234
0.595318
0.595401
0.595484
0.595567
0.59565
0.595733
0.595816
0.595899
0.595982
0.596065
0.596148
0.596231
0.596314
0.596397
0.59648
0.596563
0.596646
0.596729
0.596811
0.596894
0.596977
0.59706
0.597143
0.597226
0.597309
0.597391
0.597474
0.597557
0.59764
0.597722
0.597805
0.597888
0.597971
0.598054
0.598136
0.598219
0.598302
0.598384
0.598467
0.59855
0.598632
0.598715
0.598798
0.59888
0.598963
0.599046
0.599128
0.599211
0.599294
0.599376
0.599459
0.599542
0.599624
0.599707
0.599789
0.599872
0.599954
0.600037
0.60012
0.600202
0.600285
0.600367
0.60045
0.600532
0.600615
0.600697
0.60078
0.600863
0.600945
0.601028
0.60111
0.601193
0.601275
0.601358
0.60144
0.601523
0.601605
0.601688
0.60177
0.601853
0.601935
0.602018
0.6021
0.602183
0.602265
0.602347
0.60243
0.602512
0.602595
0.602677
0.60276
0.602842
0.602925
0.603007
0.60309
0.603172
0.603255
0.603337
0.603419
0.603502
0.603584
0.603667
0.603749
0.603832
0.603914
0.603997
0.604079
0.604162
0.604244
0.604326
0.604409
0.604491
0.604574
0.604656
0.604739
0.604821
0.604904
0.604986
0.605068
0.605151
0.605233
0.605316
0.605398
0.605481
0.605563
0.605646
0.605728
0.605811
0.605893
0.605975
0.606058
0.60614
0.606223
0.606305
0.606388
0.60647
0.606553
0.606635
0.606718
0.6068
0.606882
0.606965
0.607047
0.60713
0.607212
0.607295
0.607377
0.60746
0.607542
0.607625
0.607707
0.60779
0.607872
0.607955
0.608037
0.608119
0.608202
0.608284
0.608367
0.608449
0.608532
0.608614
0.608697
0.608779
0.608862
0.608944
0.609027
0.609109
0.609192
0.609274
0.609357
0.609439
0.609522
0.609604
0.609686
0.609769
0.609851
0.609934
0.610016
0.610099
0.610181
0.610264
0.610346
0.610429
0.610511
0.610594
0.610676
0.610759
0.610841
0.610924
0.611006
0.611088
0.611171
0.611253
0.611336
0.611418
0.611501
0.611583
0.611666
0.611748
0.611831
0.611913
0.611995
0.612078
0.61216
0.612243
0.612325
0.612408
0.61249
0.612572
0.612655
0.612737
0.61282
0.612902
0.612984
0.613067
0.613149
0.613232
0.613314
0.613396
0.613479
0.613561
0.613643
0.613726
0.613808
0.613891
0.613973
0.614055
0.614138
0.61422
0.614302
0.614385
0.614467
0.614549
0.614631
0.614714
0.614796
0.614878
0.614961
0.615043
0.615125
0.615207
0.61529
0.615372
0.615454
0.615536
0.615618
0.615701
0.615783
0.615865
0.615947
0.616029
0.616111
0.616194
0.616276
0.616358
0.61644
0.616522
0.616604
0.616686
0.616768
0.61685
0.616932
0.617014
0.617096
0.617178
0.61726
0.617342
0.617424
0.617506
0.617588
0.61767
0.617752
0.617834
0.617916
0.617998
0.618079
0.618161
0.618243
0.618325
0.618407
0.618488
0.61857
0.618652
0.618734
0.618815
0.618897
0.618979
0.61906
0.619142
0.619224
0.619305
0.619387
0.619468
0.61955
0.619632
0.619713
0.619795
0.619876
0.619957
0.620039
0.62012
0.620202
0.620283
0.620364
0.620446
0.620527
0.620608
0.62069
0.620771
0.620852
0.620933
0.621014
0.621096
0.621177
0.621258
0.621339
0.62142
0.621501
0.621582
0.621663
0.621744
0.621825
0.621906
0.621987
0.622067
0.622148
0.622229
0.62231
0.622391
0.622471
0.622552
0.622633
0.622713
0.622794
0.622874
0.622955
0.623035
0.623116
0.623196
0.623277
0.623357
0.623437
0.623518
0.623598
0.623678
0.623759
0.623839
0.623919
0.623999
0.624079
0.624159
0.624239
0.624319
0.624399
0.624479
0.624559
0.624639
0.624719
0.624798
0.624878
0.624958
0.625038
0.625117
0.625197
0.625276
0.625356
0.625435
0.625515
0.625594
0.625674
0.625753
0.625832
0.625911
0.625991
0.62607
0.626149
0.626228
0.626307
0.626386
0.626465
0.626544
0.626623
0.626702
0.626781
0.626859
0.626938
0.627017
0.627095
0.627174
0.627252
0.627331
0.627409
0.627488
0.627566
0.627644
0.627723
0.627801
0.627879
0.627957
0.628035
0.628113
0.628191
0.628269
0.628347
0.628425
0.628503
0.62858
0.628658
0.628736
0.628813
0.628891
0.628968
0.629046
0.629123
0.6292
0.629278
0.629355
0.629432
0.629509
0.629586
0.629663
0.62974
0.629817
0.629894
0.629971
0.630047
0.630124
0.630201
0.630277
0.630354
0.63043
0.630507
0.630583
0.630659
0.630736
0.630812
0.630888
0.630964
0.63104
0.631116
0.631192
0.631268
0.631343
0.631419
0.631495
0.63157
0.631646
0.631721
0.631797
0.631872
0.631947
0.632023
0.632098
0.632173
0.632248
0.632323
0.632398
0.632473
0.632547
0.632622
0.632697
0.632771
0.632846
0.63292
0.632995
0.633069
0.633143
0.633218
0.633292
0.633366
0.63344
0.633514
0.633588
0.633661
0.633735
0.633809
0.633882
0.633956
0.634029
0.634103
0.634176
0.634249
0.634323
0.634396
0.634469
0.634542
0.634615
0.634687
0.63476
0.634833
0.634906
0.634978
0.635051
0.635123
0.635195
0.635268
0.63534
0.635412
0.635484
0.635556
0.635628
0.6357
0.635772
0.635843
0.635915
0.635986
0.636058
0.636129
0.636201
0.636272
0.636343
0.636414
0.636485
0.636556
0.636627
0.636698
0.636768
0.636839
0.63691
0.63698
0.637051
0.637121
0.637191
0.637261
0.637331
0.637401
0.637471
0.637541
0.637611
0.637681
0.63775
0.63782
0.637889
0.637959
0.638028
0.638097
0.638167
0.638236
0.638305
0.638374
0.638442
0.638511
0.63858
0.638648
0.638717
0.638785
0.638854
0.638922
0.63899
0.639058
0.639126
0.639194
0.639262
0.63933
0.639398
0.639465
0.639533
0.6396
0.639668
0.639735
0.639802
0.639869
0.639936
0.640003
0.64007
0.640137
0.640203
0.64027
0.640337
0.640403
0.640469
0.640536
0.640602
0.640668
0.640734
0.6408
0.640866
0.640932
0.640997
0.641063
0.641128
0.641194
0.641259
0.641324
0.64139
0.641455
0.64152
0.641585
0.641649
0.641714
0.641779
0.641843
0.641908
0.641972
0.642037
0.642101
0.642165
0.642229
0.642293
0.642357
0.642421
0.642484
0.642548
0.642611
0.642675
0.642738
0.642801
0.642865
0.642928
0.642991
0.643054
0.643116
0.643179
0.643242
0.643304
0.643367
0.643429
0.643492
0.643554
0.643616
0.643678
0.64374
0.643802
0.643863
0.643925
0.643987
0.644048
0.64411
0.644171
0.644232
0.644293
0.644354
0.644415
0.644476
0.644537
0.644598
0.644658
0.644719
0.644779
0.64484
0.6449
0.64496
0.64502
0.64508
0.64514
0.6452
0.64526
0.645319
0.645379
0.645438
0.645498
0.645557
0.645616
0.645675
0.645734
0.645793
0.645852
0.645911
0.645969
0.646028
0.646086
0.646145
0.646203
0.646261
0.64632
0.646378
0.646436
0.646493
0.646551
0.646609
0.646666
0.646724
0.646781
0.646839
0.646896
0.646953
0.64701
0.647067
0.647124
0.647181
0.647238
0.647294
0.647351
0.647407
0.647463
0.64752
0.647576
0.647632
0.647688
0.647744
0.6478
0.647856
0.647911
0.647967
0.648022
0.648078
0.648133
0.648188
0.648243
0.648298
0.648353
0.648408
0.648463
0.648518
0.648572
0.648627
0.648681
0.648736
0.64879
0.648844
0.648898
0.648952
0.649006
0.64906
0.649114
0.649167
0.649221
0.649274
0.649328
0.649381
0.649434
0.649487
0.64954
0.649593
0.649646
0.649699
0.649752
0.649804
0.649857
0.649909
0.649962
0.650014
0.650066
0.650118
0.65017
0.650222
0.650274
0.650326
0.650378
0.650429
0.650481
0.650532
0.650584
0.650635
0.650686
0.650737
0.650788
0.650839
0.65089
0.650941
0.650991
0.651042
0.651092
0.651143
0.651193
0.651243
0.651294
0.651344
0.651394
0.651444
0.651494
0.651543
0.651593
0.651643
0.651692
0.651742
0.651791
0.65184
0.651889
0.651939
0.651988
0.652037
0.652085
0.652134
0.652183
0.652232
0.65228
0.652329
0.652377
0.652425
0.652474
0.652522
0.65257
0.652618
0.652666
0.652713
0.652761
0.652809
0.652856
0.652904
0.652951
0.652999
0.653046
0.653093
0.65314
0.653187
0.653234
0.653281
0.653328
0.653375
0.653421
0.653468
0.653514
0.653561
0.653607
0.653653
0.6537
0.653746
0.653792
0.653838
0.653884
0.653929
0.653975
0.654021
0.654066
0.654112
0.654157
0.654203
0.654248
0.654293
0.654338
0.654383
0.654428
0.654473
0.654518
0.654562
0.654607
0.654652
0.654696
0.654741
0.654785
0.654829
0.654873
0.654918
0.654962
0.655006
0.65505
0.655093
0.655137
0.655181
0.655224
0.655268
0.655311
0.655355
0.655398
0.655441
0.655485
0.655528
0.655571
0.655614
0.655656
0.655699
0.655742
0.655785
0.655827
0.65587
0.655912
0.655955
0.655997
0.656039
0.656081
0.656123
0.656165
0.656207
0.656249
0.656291
0.656333
0.656374
0.656416
0.656457
0.656499
0.65654
0.656582
0.656623
0.656664
0.656705
0.656746
0.656787
0.656828
0.656869
0.656909
0.65695
0.656991
0.657031
0.657072
0.657112
0.657152
0.657193
0.657233
0.657273
0.657313
0.657353
0.657393
0.657433
0.657472
0.657512
0.657552
0.657591
0.657631
0.65767
0.657709
0.657749
0.657788
0.657827
0.657866
0.657905
0.657944
0.657983
0.658022
0.65806
0.658099
0.658138
0.658176
0.658215
0.658253
0.658291
0.65833
0.658368
0.658406
0.658444
0.658482
0.65852
0.658558
0.658595
0.658633
0.658671
0.658708
0.658746
0.658783
0.658821
0.658858
0.658895
0.658932
0.65897
0.659007
0.659044
0.65908
0.659117
0.659154
0.659191
0.659227
0.659264
0.6593
0.659337
0.659373
0.659409
0.659446
0.659482
0.659518
0.659554
0.65959
0.659626
0.659662
0.659697
0.659733
0.659769
0.659804
0.65984
0.659875
0.65991
0.659946
0.659981
0.660016
0.660051
0.660086
0.660121
0.660156
0.660191
0.660225
0.66026
0.660295
0.660329
0.660364
0.660398
0.660432
0.660467
0.660501
0.660535
0.660569
0.660603
0.660637
0.660671
0.660705
0.660738
0.660772
0.660806
0.660839
0.660873
0.660906
0.660939
0.660972
0.661006
0.661039
0.661072
0.661105
0.661138
0.66117
0.661203
0.661236
0.661269
0.661301
0.661334
0.661366
0.661398
0.661431
0.661463
0.661495
0.661527
0.661559
0.661591
0.661623
0.661654
0.661686
0.661718
0.661749
0.661781
0.661812
0.661844
0.661875
0.661906
0.661937
0.661968
0.661999
0.66203
0.662061
0.662092
0.662123
0.662153
0.662184
0.662214
0.662245
0.662275
0.662305
0.662335
0.662366
0.662396
0.662426
0.662455
0.662485
0.662515
0.662545
0.662574
0.662604
0.662633
0.662663
0.662692
0.662721
0.66275
0.662779
0.662808
0.662837
0.662866
0.662895
0.662924
0.662952
0.662981
0.663009
0.663038
0.663066
0.663094
0.663122
0.66315
0.663178
0.663206
0.663234
0.663262
0.66329
0.663317
0.663345
0.663372
0.6634
0.663427
0.663454
0.663481
0.663508
0.663535
0.663562
0.663589
0.663616
0.663642
0.663669
0.663695
0.663722
0.663748
0.663774
0.663801
0.663827
0.663853
0.663879
0.663904
0.66393
0.663956
0.663981
0.664007
0.664032
0.664057
0.664083
0.664108
0.664133
0.664158
0.664183
0.664208
0.664232
0.664257
0.664281
0.664306
0.66433
0.664354
0.664379
0.664403
0.664427
0.664451
0.664474
0.664498
0.664522
0.664545
0.664569
0.664592
0.664615
0.664639
0.664662
0.664685
0.664708
0.66473
0.664753
0.664776
0.664798
0.664821
0.664843
0.664865
0.664888
0.66491
0.664932
0.664953
0.664975
0.664997
0.665018
0.66504
0.665061
0.665083
0.665104
0.665125
0.665146
0.665167
0.665188
0.665208
0.665229
0.665249
0.66527
0.66529
0.66531
0.66533
0.66535
0.66537
0.66539
0.66541
0.665429
0.665449
0.665468
0.665487
0.665506
0.665526
0.665544
0.665563
0.665582
0.665601
0.665619
0.665638
0.665656
0.665674
0.665692
0.66571
0.665728
0.665746
0.665763
0.665781
0.665798
0.665816
0.665833
0.66585
0.665867
0.665884
0.665901
0.665917
0.665934
0.66595
0.665966
0.665983
0.665999
0.666015
0.666031
0.666046
0.666062
0.666077
0.666093
0.666108
0.666123
0.666138
0.666153
0.666168
0.666182
0.666197
0.666211
0.666226
0.66624
0.666254
0.666268
0.666282
0.666295
0.666309
0.666322
0.666336
0.666349
0.666362
0.666375
0.666387
0.6664
0.666413
0.666425
0.666437
0.66645
0.666462
0.666473
0.666485
0.666497
0.666508
0.66652
0.666531
0.666542
0.666553
0.666564
0.666575
0.666585
0.666596
0.666606
0.666616
0.666626
0.666636
0.666646
0.666656
0.666665
0.666675
0.666684
0.666693
0.666702
0.666711
0.666719
0.666728
0.666736
0.666744
0.666753
0.666761
0.666768
0.666776
0.666784
0.666791
0.666798
0.666805
0.666812
0.666819
0.666826
0.666832
0.666839
0.666845
0.666851
0.666857
0.666863
0.666868
0.666874
0.666879
0.666884
0.666889
0.666894
0.666899
0.666904
0.666908
0.666912
0.666916
0.66692
0.666924
0.666928
0.666931
0.666935
0.666938
0.666941
0.666944
0.666946
0.666949
0.666951
0.666954
0.666956
0.666958
0.666959
0.666961
0.666962
0.666964
0.666965
0.666966
0.666967
0.666967
0.666968
0.666968
0.666968
0.666968
0.666968
0.666967
0.666967
0.666966
0.666965
0.666964
0.666963
0.666962
0.66696
0.666958
0.666956
0.666954
0.666952
0.66695
0.666947
0.666944
0.666941
0.666938
0.666935
0.666932
0.666928
0.666924
0.66692
0.666916
0.666912
0.666907
0.666903
0.666898
0.666893
0.666887
0.666882
0.666876
0.666871
0.666865
0.666858
0.666852
0.666846
0.666839
0.666832
0.666825
0.666818
0.66681
0.666803
0.666795
0.666787
0.666779
0.66677
0.666762
0.666753
0.666744
0.666735
0.666726
0.666716
0.666707
0.666697
0.666687
0.666676
0.666666
0.666655
0.666645
0.666634
0.666622
0.666611
0.666599
0.666587
0.666575
0.666563
0.666551
0.666538
0.666525
0.666512
0.666499
0.666486
0.666472
0.666458
0.666444
0.66643
0.666416
0.666401
0.666386
0.666371
0.666356
0.666341
0.666325
0.666309
0.666293
0.666277
0.666261
0.666244
0.666227
0.66621
0.666193
0.666175
0.666158
0.66614
0.666122
0.666103
0.666085
0.666066
0.666047
0.666028
0.666009
0.665989
0.665969
0.665949
0.665929
0.665909
0.665888
0.665867
0.665846
0.665825
0.665803
0.665782
0.66576
0.665738
0.665715
0.665693
0.66567
0.665647
0.665624
0.6656
0.665576
0.665553
0.665528
0.665504
0.66548
0.665455
0.66543
0.665404
0.665379
0.665353
0.665327
0.665301
0.665275
0.665248
0.665222
0.665195
0.665167
0.66514
0.665112
0.665084
0.665056
0.665028
0.664999
0.66497
0.664941
0.664912
0.664882
0.664852
0.664822
0.664792
0.664762
0.664731
0.6647
0.664669
0.664638
0.664606
0.664574
0.664542
0.66451
0.664477
0.664444
0.664411
0.664378
0.664345
0.664311
0.664277
0.664243
0.664208
0.664173
0.664139
0.664103
0.664068
0.664032
0.663996
0.66396
0.663924
0.663887
0.663851
0.663813
0.663776
0.663739
0.663701
0.663663
0.663624
0.663586
0.663547
0.663508
0.663469
0.663429
0.66339
0.66335
0.663309
0.663269
0.663228
0.663187
0.663146
0.663104
0.663063
0.663021
0.662978
0.662936
0.662893
0.66285
0.662807
0.662764
0.66272
0.662676
0.662632
0.662587
0.662543
0.662498
0.662452
0.662407
0.662361
0.662315
0.662269
0.662223
0.662176
0.662129
0.662082
0.662034
0.661986
0.661938
0.66189
0.661842
0.661793
0.661744
0.661695
0.661645
0.661595
0.661545
0.661495
0.661445
0.661394
0.661343
0.661291
0.66124
0.661188
0.661136
0.661084
0.661031
0.660978
0.660925
0.660872
0.660818
0.660764
0.66071
0.660655
0.660601
0.660546
0.660491
0.660435
0.660379
0.660324
0.660267
0.660211
0.660154
0.660097
0.66004
0.659982
0.659924
0.659866
0.659808
0.659749
0.65969
0.659631
0.659572
0.659512
0.659452
0.659392
0.659332
0.659271
0.65921
0.659149
0.659087
0.659025
0.658963
0.658901
0.658838
0.658776
0.658713
0.658649
0.658586
0.658522
0.658457
0.658393
0.658328
0.658263
0.658198
0.658133
0.658067
0.658001
0.657934
0.657868
0.657801
0.657734
0.657666
0.657599
0.657531
0.657463
0.657394
0.657325
0.657256
0.657187
0.657118
0.657048
0.656978
0.656907
0.656837
0.656766
0.656695
0.656623
0.656551
0.656479
0.656407
0.656335
0.656262
0.656189
0.656115
0.656042
0.655968
0.655894
0.655819
0.655745
0.65567
0.655594
0.655519
0.655443
0.655367
0.655291
0.655214
0.655137
0.65506
0.654982
0.654905
0.654827
0.654748
0.65467
0.654591
0.654512
0.654433
0.654353
0.654273
0.654193
0.654113
0.654032
0.653951
0.653869
0.653788
0.653706
0.653624
0.653542
0.653459
0.653376
0.653293
0.653209
0.653126
0.653042
0.652957
0.652873
0.652788
0.652703
0.652617
0.652532
0.652446
0.652359
0.652273
0.652186
0.652099
0.652012
0.651924
0.651836
0.651748
0.651659
0.651571
0.651482
0.651392
0.651303
0.651213
0.651123
0.651033
0.650942
0.650851
0.65076
0.650668
0.650576
0.650484
0.650392
0.650299
0.650207
0.650113
0.65002
0.649926
0.649832
0.649738
0.649643
0.649549
0.649453
0.649358
0.649262
0.649166
0.64907
0.648974
0.648877
0.64878
0.648682
0.648585
0.648487
0.648389
0.64829
0.648192
0.648093
0.647993
0.647894
0.647794
0.647694
0.647593
0.647493
0.647392
0.647291
0.647189
0.647087
0.646985
0.646883
0.64678
0.646677
0.646574
0.646471
0.646367
0.646263
0.646159
0.646054
0.645949
0.645844
0.645739
0.645633
0.645527
0.645421
0.645314
0.645207
0.6451
0.644993
0.644885
0.644777
0.644669
0.64456
0.644452
0.644343
0.644233
0.644124
0.644014
0.643904
0.643793
0.643683
0.643571
0.64346
0.643349
0.643237
0.643125
0.643012
0.6429
0.642787
0.642673
0.64256
0.642446
0.642332
0.642218
0.642103
0.641988
0.641873
0.641757
0.641642
0.641526
0.641409
0.641293
0.641176
0.641059
0.640941
0.640823
0.640705
0.640587
0.640469
0.64035
0.640231
0.640111
0.639991
0.639871
0.639751
0.639631
0.63951
0.639389
0.639267
0.639146
0.639024
0.638902
0.638779
0.638656
0.638533
0.63841
0.638286
0.638162
0.638038
0.637914
0.637789
0.637664
0.637539
0.637413
0.637287
0.637161
0.637035
0.636908
0.636781
0.636654
0.636526
0.636398
0.63627
0.636142
0.636013
0.635884
0.635755
0.635625
0.635496
0.635365
0.635235
0.635104
0.634974
0.634842
0.634711
0.634579
0.634447
0.634315
0.634182
0.634049
0.633916
0.633782
0.633649
0.633515
0.63338
0.633246
0.633111
0.632976
0.63284
0.632704
0.632568
0.632432
0.632295
0.632159
0.632021
0.631884
0.631746
0.631608
0.63147
0.631331
0.631192
0.631053
0.630914
0.630774
0.630634
0.630494
0.630353
0.630212
0.630071
0.62993
0.629788
0.629646
0.629504
0.629361
0.629218
0.629075
0.628932
0.628788
0.628644
0.6285
0.628355
0.62821
0.628065
0.62792
0.627774
0.627628
0.627482
0.627335
0.627188
0.627041
0.626894
0.626746
0.626598
0.62645
0.626301
0.626152
0.626003
0.625854
0.625704
0.625554
0.625404
0.625253
0.625102
0.624951
0.624799
0.624648
0.624496
0.624343
0.624191
0.624038
0.623884
0.623731
0.623577
0.623423
0.623269
0.623114
0.622959
0.622804
0.622648
0.622492
0.622336
0.62218
0.622023
0.621866
0.621709
0.621551
0.621393
0.621235
0.621076
0.620918
0.620759
0.620599
0.62044
0.62028
0.620119
0.619959
0.619798
0.619637
0.619475
0.619314
0.619152
0.618989
0.618827
0.618664
0.618501
0.618337
0.618173
0.618009
0.617845
0.61768
0.617515
0.61735
0.617184
0.617018
0.616852
0.616685
0.616519
0.616352
0.616184
0.616016
0.615848
0.61568
0.615511
0.615343
0.615173
0.615004
0.614834
0.614664
0.614493
0.614323
0.614152
0.61398
0.613809
0.613637
0.613464
0.613292
0.613119
0.612946
0.612772
0.612598
0.612424
0.61225
0.612075
0.6119
0.611725
0.611549
0.611373
0.611197
0.61102
0.610843
0.610666
0.610489
0.610311
0.610133
0.609954
0.609775
0.609596
0.609417
0.609237
0.609057
0.608877
0.608696
0.608515
0.608334
0.608152
0.60797
0.607788
0.607606
0.607423
0.60724
0.607056
0.606872
0.606688
0.606504
0.606319
0.606134
0.605948
0.605763
0.605576
0.60539
0.605203
0.605016
0.604829
0.604641
0.604453
0.604265
0.604076
0.603887
0.603698
0.603508
0.603318
0.603128
0.602937
0.602746
0.602555
0.602364
0.602172
0.601979
0.601787
0.601594
0.601401
0.601207
0.601013
0.600819
0.600624
0.600429
0.600234
0.600038
0.599842
0.599646
0.599449
0.599252
0.599055
0.598858
0.59866
0.598461
0.598263
0.598064
0.597864
0.597665
0.597465
0.597264
0.597064
0.596863
0.596661
0.596459
0.596257
0.596055
0.595852
0.595649
0.595446
0.595242
0.595038
0.594833
0.594628
0.594423
0.594217
0.594011
0.593805
0.593599
0.593392
0.593184
0.592977
0.592768
0.59256
0.592351
0.592142
0.591933
0.591723
0.591513
0.591302
0.591091
0.59088
0.590668
0.590456
0.590244
0.590031
0.589818
0.589605
0.589391
0.589177
0.588962
0.588747
0.588532
0.588316
0.5881
0.587884
0.587667
0.58745
0.587233
0.587015
0.586797
0.586578
0.586359
0.58614
0.58592
0.5857
0.585479
0.585258
0.585037
0.584815
0.584593
0.584371
0.584148
0.583925
0.583702
0.583478
0.583253
0.583029
0.582804
0.582578
0.582352
0.582126
0.581899
0.581672
0.581445
0.581217
0.580989
0.58076
0.580531
0.580302
0.580072
0.579842
0.579612
0.579381
0.579149
0.578917
0.578685
0.578453
0.57822
0.577986
0.577753
0.577519
0.577284
0.577049
0.576814
0.576578
0.576342
0.576105
0.575868
0.575631
0.575393
0.575155
0.574916
0.574677
0.574438
0.574198
0.573957
0.573717
0.573476
0.573234
0.572992
0.57275
0.572507
0.572264
0.57202
0.571776
0.571532
0.571287
0.571041
0.570796
0.570549
0.570303
0.570056
0.569808
0.569561
0.569312
0.569063
0.568814
0.568565
0.568315
0.568064
0.567813
0.567562
0.56731
0.567058
0.566805
0.566552
0.566299
0.566045
0.56579
0.565535
0.56528
0.565024
0.564768
0.564511
0.564254
0.563997
0.563739
0.56348
0.563222
0.562962
0.562702
0.562442
0.562181
0.56192
0.561659
0.561397
0.561134
0.560871
0.560608
0.560344
0.560079
0.559815
0.559549
0.559284
0.559017
0.558751
0.558484
0.558216
0.557948
0.557679
0.55741
0.557141
0.556871
0.5566
0.55633
0.556058
0.555786
0.555514
0.555241
0.554968
0.554694
0.55442
0.554145
0.55387
0.553594
0.553318
0.553041
0.552764
0.552487
0.552209
0.55193
0.551651
0.551371
0.551091
0.550811
0.55053
0.550248
0.549966
0.549684
0.549401
0.549117
0.548833
0.548548
0.548263
0.547978
0.547692
0.547405
0.547118
0.546831
0.546543
0.546254
0.545965
0.545676
0.545386
0.545095
0.544804
0.544512
0.54422
0.543928
0.543634
0.543341
0.543047
0.542752
0.542457
0.542161
0.541865
0.541568
0.541271
0.540973
0.540675
0.540376
0.540076
0.539777
0.539476
0.539175
0.538874
0.538572
0.538269
0.537966
0.537662
0.537358
0.537054
0.536748
0.536443
0.536136
0.53583
0.535522
0.535214
0.534906
0.534597
0.534287
0.533977
0.533667
0.533356
0.533044
0.532732
0.532419
0.532105
0.531792
0.531477
0.531162
0.530847
0.530531
0.530214
0.529897
0.529579
0.529261
0.528942
0.528622
0.528302
0.527982
0.527661
0.527339
0.527017
0.526694
0.526371
0.526047
0.525722
0.525397
0.525072
0.524745
0.524419
0.524091
0.523763
0.523435
0.523106
0.522776
0.522446
0.522115
0.521784
0.521452
0.52112
0.520787
0.520453
0.520119
0.519784
0.519448
0.519112
0.518776
0.518439
0.518101
0.517763
0.517424
0.517084
0.516744
0.516404
0.516062
0.515721
0.515378
0.515035
0.514691
0.514347
0.514002
0.513657
0.513311
0.512964
0.512617
0.51227
0.511921
0.511572
0.511223
0.510872
0.510522
0.51017
0.509818
0.509466
0.509112
0.508759
0.508404
0.508049
0.507694
0.507337
0.50698
0.506623
0.506265
0.505906
0.505547
0.505187
0.504827
0.504465
0.504104
0.503741
0.503378
0.503015
0.502651
0.502286
0.50192
0.501554
0.501187
0.50082
0.500452
0.500084
0.499715
0.499345
0.498974
0.498603
0.498232
0.497859
0.497486
0.497113
0.496739
0.496364
0.495988
0.495612
0.495236
0.494858
0.49448
0.494102
0.493722
0.493343
0.492962
0.492581
0.492199
0.491817
0.491434
0.49105
0.490666
0.490281
0.489895
0.489509
0.489122
0.488735
0.488347
0.487958
0.487568
0.487178
0.486788
0.486396
0.486004
0.485612
0.485218
0.484824
0.48443
0.484035
0.483639
0.483242
0.482845
0.482447
0.482049
0.48165
0.48125
0.48085
0.480449
0.480047
0.479645
0.479242
0.478838
0.478434
0.478029
0.477623
0.477217
0.47681
0.476402
0.475994
0.475585
0.475176
0.474766
0.474355
0.473943
0.473531
0.473118
0.472705
0.472291
0.471876
0.471461
0.471044
0.470628
0.47021
0.469792
0.469374
0.468954
0.468534
0.468113
0.467692
0.46727
0.466847
0.466424
0.466
0.465575
0.46515
0.464724
0.464298
0.46387
0.463442
0.463014
0.462584
0.462154
0.461724
0.461293
0.460861
0.460428
0.459995
0.459561
0.459126
0.458691
0.458255
0.457818
0.457381
0.456943
0.456505
0.456066
0.455626
0.455185
0.454744
0.454302
0.453859
0.453416
0.452972
0.452528
0.452083
0.451637
0.45119
0.450743
0.450295
0.449847
0.449398
0.448948
0.448497
0.448046
0.447594
0.447142
0.446688
0.446235
0.44578
0.445325
0.444869
0.444413
0.443956
0.443498
0.443039
0.44258
0.44212
0.44166
0.441199
0.440737
0.440275
0.439812
0.439348
0.438883
0.438418
0.437953
0.437486
0.437019
0.436552
0.436083
0.435614
0.435144
0.434674
0.434203
0.433731
0.433259
0.432786
0.432313
0.431838
0.431363
0.430888
0.430412
0.429935
0.429457
0.428979
0.4285
0.428021
0.42754
0.42706
0.426578
0.426096
0.425613
0.42513
0.424646
0.424161
0.423676
0.42319
0.422703
0.422216
0.421728
0.421239
0.42075
0.42026
0.419769
0.419278
0.418786
0.418294
0.417801
0.417307
0.416813
0.416318
0.415822
0.415326
0.414829
0.414331
0.413833
0.413334
0.412835
0.412334
0.411834
0.411332
0.41083
0.410328
0.409824
0.40932
0.408816
0.408311
0.407805
0.407298
0.406791
0.406284
0.405775
0.405266
0.404757
0.404247
0.403736
0.403224
0.402712
0.4022
0.401686
0.401173
0.400658
0.400143
0.399627
0.399111
0.398594
0.398076
0.397558
0.397039
0.39652
0.396
0.395479
0.394958
0.394436
0.393914
0.393391
0.392867
0.392343
0.391818
0.391292
0.390766
0.39024
0.389712
0.389185
0.388656
0.388127
0.387598
0.387067
0.386537
0.386005
0.385473
0.384941
0.384408
0.383874
0.38334
0.382805
0.382269
0.381733
0.381197
0.38066
0.380122
0.379583
0.379045
0.378505
0.377965
0.377424
0.376883
0.376342
0.375799
0.375256
0.374713
0.374169
0.373625
0.373079
0.372534
0.371988
0.371441
0.370894
0.370346
0.369797
0.369248
0.368699
0.368149
0.367598
0.367047
0.366496
0.365943
0.365391
0.364837
0.364284
0.363729
0.363174
0.362619
0.362063
0.361507
0.36095
0.360392
0.359834
0.359276
0.358717
0.358157
0.357597
0.357037
0.356476
0.355914
0.355352
0.354789
0.354226
0.353663
0.353099
0.352534
0.351969
0.351403
0.350837
0.350271
0.349704
0.349136
0.348568
0.348
0.347431
0.346861
0.346291
0.345721
0.34515
0.344579
0.344007
0.343435
0.342862
0.342289
0.341715
0.341141
0.340566
0.339991
0.339416
0.33884
0.338263
0.337687
0.337109
0.336531
0.335953
0.335375
0.334796
0.334216
0.333636
0.333056
0.332475
0.331894
0.331312
0.33073
0.330148
0.329565
0.328981
0.328398
0.327814
0.327229
0.326644
0.326059
0.325473
0.324887
0.3243
0.323713
0.323126
0.322538
0.32195
0.321362
0.320773
0.320183
0.319594
0.319004
0.318413
0.317823
0.317231
0.31664
0.316048
0.315456
0.314863
0.31427
0.313677
0.313083
0.312489
0.311895
0.3113
0.310705
0.31011
0.309514
0.308918
0.308321
0.307725
0.307128
0.30653
0.305932
0.305334
0.304736
0.304137
0.303538
0.302939
0.302339
0.30174
0.301139
0.300539
0.299938
0.299337
0.298736
0.298134
0.297532
0.29693
0.296327
0.295724
0.295121
0.294518
0.293914
0.29331
0.292706
0.292102
0.291497
0.290892
0.290287
0.289681
0.289076
0.28847
0.287864
0.287257
0.286651
0.286044
0.285437
0.284829
0.284222
0.283614
0.283006
0.282398
0.281789
0.281181
0.280572
0.279963
0.279353
0.278744
0.278134
0.277524
0.276914
0.276304
0.275694
0.275083
0.274472
0.273861
0.27325
0.272639
0.272028
0.271416
0.270804
0.270192
0.26958
0.268968
0.268356
0.267743
0.26713
0.266518
0.265905
0.265292
0.264678
0.264065
0.263452
0.262838
0.262224
0.261611
0.260997
0.260383
0.259769
0.259154
0.25854
0.257926
0.257311
0.256697
0.256082
0.255467
0.254852
0.254237
0.253623
0.253008
0.252392
0.251777
0.251162
0.250547
0.249932
0.249316
0.248701
0.248085
0.24747
0.246854
0.246239
0.245623
0.245008
0.244392
0.243776
0.243161
0.242545
0.24193
0.241314
0.240698
0.240083
0.239467
0.238851
0.238236
0.23762
0.237004
0.236389
0.235773
0.235158
0.234542
0.233927
0.233312
0.232696
0.232081
0.231466
0.230851
0.230236
0.229621
0.229006
0.228391
0.227776
0.227161
0.226546
0.225932
0.225317
0.224703
0.224089
0.223474
0.22286
0.222246
0.221632
0.221019
0.220405
0.219791
0.219178
0.218565
0.217952
0.217339
0.216726
0.216113
0.2155
0.214888
0.214276
0.213663
0.213052
0.21244
0.211828
0.211217
0.210605
0.209994
0.209383
0.208773
0.208162
0.207552
0.206942
0.206332
0.205722
0.205113
0.204503
0.203894
0.203285
0.202677
0.202068
0.20146
0.200852
0.200244
0.199637
0.19903
0.198423
0.197816
0.19721
0.196604
0.195998
0.195392
0.194787
0.194182
0.193577
0.192972
0.192368
0.191764
0.191161
0.190557
0.189954
0.189352
0.188749
0.188147
0.187545
0.186944
0.186343
0.185742
0.185142
0.184542
0.183942
0.183343
0.182744
0.182145
0.181547
0.180949
0.180351
0.179754
0.179157
0.178561
0.177965
0.177369
0.176774
0.176179
0.175584
0.17499
0.174397
0.173803
0.173211
0.172618
0.172026
0.171435
0.170844
0.170253
0.169663
0.169073
0.168483
0.167895
0.167306
0.166718
0.166131
0.165544
0.164957
0.164371
0.163785
0.1632
0.162615
0.162031
0.161448
0.160864
0.160282
0.1597
0.159118
0.158537
0.157956
0.157376
0.156797
0.156218
0.155639
0.155061
0.154484
0.153907
0.153331
0.152755
0.15218
0.151605
0.151031
0.150458
0.149885
0.149313
0.148741
0.14817
0.147599
0.147029
0.14646
0.145891
0.145323
0.144755
0.144189
0.143622
0.143057
0.142492
0.141927
0.141363
0.1408
0.140238
0.139676
0.139115
0.138554
0.137994
0.137435
0.136877
0.136319
0.135762
0.135205
0.134649
0.134094
0.13354
0.132986
0.132433
0.131881
0.131329
0.130778
0.130228
0.129679
0.12913
0.128582
0.128035
0.127488
0.126942
0.126397
0.125853
0.12531
0.124767
0.124225
0.123684
0.123143
0.122603
0.122064
0.121526
0.120989
0.120452
0.119917
0.119382
0.118847
0.118314
0.117781
0.11725
0.116719
0.116189
0.115659
0.115131
0.114603
0.114076
0.11355
0.113025
0.112501
0.111978
0.111455
0.110933
0.110413
0.109893
0.109374
0.108855
0.108338
0.107822
0.107306
0.106791
0.106278
0.105765
0.105253
0.104742
0.104232
0.103722
0.103214
0.102707
0.1022
0.101695
0.10119
0.100686
0.100184
0.0996818
0.099181
0.0986811
0.0981822
0.0976843
0.0971873
0.0966913
0.0961962
0.0957022
0.0952091
0.094717
0.0942259
0.0937358
0.0932466
0.0927585
0.0922714
0.0917853
0.0913002
0.0908161
0.090333
0.089851
0.0893699
0.0888899
0.088411
0.0879331
0.0874562
0.0869804
0.0865056
0.0860318
0.0855591
0.0850875
0.084617
0.0841475
0.0836791
0.0832117
0.0827455
0.0822803
0.0818162
0.0813532
0.0808912
0.0804304
0.0799707
0.0795121
0.0790546
0.0785982
0.0781429
0.0776887
0.0772356
0.0767837
0.0763329
0.0758833
0.0754347
0.0749874
0.0745411
0.074096
0.0736521
0.0732093
0.0727676
0.0723272
0.0718878
0.0714497
0.0710127
0.0705769
0.0701423
0.0697089
0.0692766
0.0688455
0.0684157
0.067987
0.0675595
0.0671332
0.0667082
0.0662843
0.0658617
0.0654402
0.06502
0.064601
0.0641833
0.0637667
0.0633514
0.0629374
0.0625245
0.0621129
0.0617026
0.0612935
0.0608857
0.0604791
0.0600738
0.0596697
0.0592669
0.0588654
0.0584652
0.0580662
0.0576685
0.0572721
0.056877
0.0564831
0.0560906
0.0556993
0.0553094
0.0549208
0.0545334
0.0541474
0.0537626
0.0533792
0.0529971
0.0526164
0.0522369
0.0518588
0.051482
0.0511066
0.0507324
0.0503596
0.0499882
0.0496181
0.0492494
0.048882
0.0485159
0.0481512
0.0477879
0.047426
0.0470654
0.0467061
0.0463483
0.0459918
0.0456367
0.045283
0.0449307
0.0445797
0.0442302
0.043882
0.0435352
0.0431899
0.0428459
0.0425033
0.0421622
0.0418224
0.0414841
0.0411472
0.0408117
0.0404776
0.0401449
0.0398137
0.0394839
0.0391555
0.0388286
0.0385031
0.0381791
0.0378565
0.0375353
0.0372156
0.0368973
0.0365805
0.0362651
0.0359513
0.0356388
0.0353279
0.0350183
0.0347103
0.0344038
0.0340987
0.0337951
0.0334929
0.0331923
0.0328931
0.0325955
0.0322993
0.0320046
0.0317114
0.0314197
0.0311295
0.0308408
0.0305536
0.0302679
0.0299838
0.0297011
0.0294199
0.0291403
0.0288622
0.0285856
0.0283105
0.028037
0.027765
0.0274945
0.0272256
0.0269581
0.0266923
0.0264279
0.0261651
0.0259039
0.0256442
0.025386
0.0251294
0.0248744
0.0246209
0.0243689
0.0241186
0.0238697
0.0236225
0.0233768
0.0231327
0.0228901
0.0226492
0.0224098
0.0221719
0.0219357
0.021701
0.0214679
0.0212364
0.0210065
0.0207782
0.0205514
0.0203263
0.0201027
0.0198808
0.0196604
0.0194417
0.0192245
0.0190089
0.018795
0.0185826
0.0183719
0.0181628
0.0179553
0.0177494
0.0175451
0.0173424
0.0171414
0.016942
0.0167442
0.016548
0.0163534
0.0161605
0.0159692
0.0157796
0.0155915
0.0154051
0.0152204
0.0150373
0.0148558
0.0146759
0.0144977
0.0143212
0.0141463
0.013973
0.0138014
0.0136314
0.0134631
0.0132965
0.0131315
0.0129681
0.0128064
0.0126464
0.012488
0.0123313
0.0121762
0.0120228
0.0118711
0.0117211
0.0115727
0.0114259
0.0112809
0.0111375
0.0109958
0.0108558
0.0107174
0.0105807
0.0104457
0.0103124
0.0101808
0.0100508
0.00992251
0.00979591
0.009671
0.00954777
0.00942622
0.00930637
0.0091882
0.00907172
0.00895693
0.00884384
0.00873243
0.00862272
0.00851471
0.00840838
0.00830376
0.00820083
0.0080996
0.00800007
0.00790224
0.00780611
0.00771168
0.00761896
0.00752794
0.00743862
0.007351
0.00726509
0.00718089
0.00709839
0.0070176
0.00693852
0.00686115
0.00678549
0.00671154
0.0066393
0.00656877
0.00649995
0.00643285
0.00636746
0.00630378
0.00624182
0.00618157
0.00612304
0.00606622
0.00601112
0.00595774
0.00590608
0.00585613
0.0058079
0.00576139
0.0057166
0.00567353
0.00563218
0.00559255
0.00555463
0.00551845
0.00548398
0.00545123
0.00542021
0.0053909
0.00536332
0.00533747
0.00531333
0.00529092
0.00527023
0.00525126
0.00523402
0.00521851
0.00520471
0.00519264
0.0051823
0.00517367
0.00516678
0.0051616
0.00515815
0.00515643
0.00515643
0.00515815
0.0051616
0.00516678
0.00517367
0.0051823
0.00519264
0.00520471
0.00521851
0.00523402
0.00525127
0.00527023
0.00529092
0.00531333
0.00533747
0.00536332
0.0053909
0.00542021
0.00545123
0.00548398
0.00551845
0.00555464
0.00559255
0.00563218
0.00567353
0.0057166
0.00576139
0.0058079
0.00585613
0.00590608
0.00595774
0.00601113
0.00606623
0.00612304
0.00618157
0.00624182
0.00630378
0.00636746
0.00643285
0.00649996
0.00656877
0.0066393
0.00671154
0.00678549
0.00686116
0.00693853
0.00701761
0.0070984
0.00718089
0.0072651
0.00735101
0.00743862
0.00752794
0.00761896
0.00771169
0.00780612
0.00790225
0.00800008
0.00809961
0.00820084
0.00830377
0.00840839
0.00851471
0.00862273
0.00873244
0.00884384
0.00895694
0.00907173
0.0091882
0.00930637
0.00942623
0.00954777
0.009671
0.00979592
0.00992252
0.0100508
0.0101808
0.0103124
0.0104457
0.0105807
0.0107174
0.0108558
0.0109958
0.0111375
0.0112809
0.011426
0.0115727
0.0117211
0.0118711
0.0120228
0.0121762
0.0123313
0.012488
0.0126464
0.0128064
0.0129681
0.0131315
0.0132965
0.0134631
0.0136314
0.0138014
0.013973
0.0141463
0.0143212
0.0144978
0.0146759
0.0148558
0.0150373
0.0152204
0.0154052
0.0155915
0.0157796
0.0159692
0.0161605
0.0163535
0.016548
0.0167442
0.016942
0.0171414
0.0173424
0.0175451
0.0177494
0.0179553
0.0181628
0.0183719
0.0185827
0.018795
0.019009
0.0192245
0.0194417
0.0196604
0.0198808
0.0201027
0.0203263
0.0205514
0.0207782
0.0210065
0.0212364
0.0214679
0.021701
0.0219357
0.0221719
0.0224098
0.0226492
0.0228901
0.0231327
0.0233768
0.0236225
0.0238698
0.0241186
0.024369
0.0246209
0.0248744
0.0251294
0.025386
0.0256442
0.0259039
0.0261652
0.0264279
0.0266923
0.0269582
0.0272256
0.0274945
0.027765
0.028037
0.0283106
0.0285856
0.0288622
0.0291403
0.02942
0.0297011
0.0299838
0.0302679
0.0305536
0.0308408
0.0311295
0.0314197
0.0317114
0.0320046
0.0322993
0.0325955
0.0328931
0.0331923
0.033493
0.0337951
0.0340987
0.0344038
0.0347103
0.0350184
0.0353279
0.0356388
0.0359513
0.0362652
0.0365805
0.0368973
0.0372156
0.0375353
0.0378565
0.0381791
0.0385031
0.0388286
0.0391556
0.0394839
0.0398137
0.0401449
0.0404776
0.0408117
0.0411472
0.0414841
0.0418224
0.0421622
0.0425033
0.0428459
0.0431899
0.0435352
0.043882
0.0442302
0.0445797
0.0449307
0.045283
0.0456367
0.0459918
0.0463483
0.0467062
0.0470654
0.047426
0.0477879
0.0481513
0.0485159
0.048882
0.0492494
0.0496181
0.0499882
0.0503597
0.0507324
0.0511066
0.051482
0.0518588
0.0522369
0.0526164
0.0529972
0.0533793
0.0537627
0.0541474
0.0545334
0.0549208
0.0553094
0.0556994
0.0560906
0.0564832
0.056877
0.0572721
0.0576685
0.0580662
0.0584652
0.0588654
0.059267
0.0596698
0.0600738
0.0604791
0.0608857
0.0612935
0.0617026
0.062113
0.0625245
0.0629374
0.0633514
0.0637667
0.0641833
0.064601
0.06502
0.0654402
0.0658617
0.0662843
0.0667082
0.0671333
0.0675595
0.067987
0.0684157
0.0688456
0.0692766
0.0697089
0.0701423
0.0705769
0.0710127
0.0714497
0.0718879
0.0723272
0.0727676
0.0732093
0.0736521
0.074096
0.0745411
0.0749874
0.0754348
0.0758833
0.0763329
0.0767837
0.0772357
0.0776887
0.0781429
0.0785982
0.0790546
0.0795121
0.0799707
0.0804304
0.0808913
0.0813532
0.0818162
0.0822803
0.0827455
0.0832117
0.0836791
0.0841475
0.084617
0.0850875
0.0855592
0.0860318
0.0865056
0.0869804
0.0874562
0.0879331
0.088411
0.08889
0.08937
0.089851
0.090333
0.0908161
0.0913002
0.0917853
0.0922714
0.0927585
0.0932466
0.0937358
0.0942259
0.094717
0.0952091
0.0957022
0.0961963
0.0966913
0.0971873
0.0976843
0.0981822
0.0986812
0.099181
0.0996818
0.100184
0.100686
0.10119
0.101695
0.1022
0.102707
0.103214
0.103722
0.104232
0.104742
0.105253
0.105765
0.106278
0.106791
0.107306
0.107822
0.108338
0.108855
0.109374
0.109893
0.110413
0.110933
0.111455
0.111978
0.112501
0.113025
0.11355
0.114076
0.114603
0.115131
0.115659
0.116189
0.116719
0.11725
0.117781
0.118314
0.118847
0.119382
0.119917
0.120452
0.120989
0.121526
0.122064
0.122603
0.123143
0.123684
0.124225
0.124767
0.12531
0.125853
0.126397
0.126942
0.127488
0.128035
0.128582
0.12913
0.129679
0.130228
0.130778
0.131329
0.131881
0.132433
0.132986
0.13354
0.134094
0.134649
0.135205
0.135762
0.136319
0.136877
0.137435
0.137994
0.138554
0.139115
0.139676
0.140238
0.1408
0.141363
0.141927
0.142492
0.143057
0.143622
0.144189
0.144755
0.145323
0.145891
0.14646
0.147029
0.147599
0.14817
0.148741
0.149313
0.149885
0.150458
0.151031
0.151605
0.15218
0.152755
0.153331
0.153907
0.154484
0.155061
0.155639
0.156218
0.156797
0.157376
0.157956
0.158537
0.159118
0.1597
0.160282
0.160864
0.161448
0.162031
0.162615
0.1632
0.163785
0.164371
0.164957
0.165544
0.166131
0.166718
0.167306
0.167895
0.168483
0.169073
0.169663
0.170253
0.170844
0.171435
0.172026
0.172618
0.173211
0.173803
0.174397
0.17499
0.175584
0.176179
0.176774
0.177369
0.177965
0.178561
0.179157
0.179754
0.180351
0.180949
0.181547
0.182145
0.182744
0.183343
0.183942
0.184542
0.185142
0.185742
0.186343
0.186944
0.187545
0.188147
0.188749
0.189352
0.189954
0.190557
0.191161
0.191764
0.192368
0.192972
0.193577
0.194182
0.194787
0.195392
0.195998
0.196604
0.19721
0.197816
0.198423
0.19903
0.199637
0.200244
0.200852
0.20146
0.202068
0.202677
0.203285
0.203894
0.204503
0.205113
0.205722
0.206332
0.206942
0.207552
0.208162
0.208773
0.209383
0.209994
0.210605
0.211217
0.211828
0.21244
0.213052
0.213663
0.214276
0.214888
0.2155
0.216113
0.216726
0.217339
0.217952
0.218565
0.219178
0.219791
0.220405
0.221019
0.221632
0.222246
0.22286
0.223474
0.224089
0.224703
0.225317
0.225932
0.226546
0.227161
0.227776
0.228391
0.229006
0.229621
0.230236
0.230851
0.231466
0.232081
0.232696
0.233312
0.233927
0.234542
0.235158
0.235773
0.236389
0.237004
0.23762
0.238236
0.238851
0.239467
0.240083
0.240698
0.241314
0.24193
0.242545
0.243161
0.243776
0.244392
0.245008
0.245623
0.246239
0.246854
0.24747
0.248085
0.248701
0.249316
0.249932
0.250547
0.251162
0.251777
0.252392
0.253008
0.253623
0.254237
0.254852
0.255467
0.256082
0.256697
0.257311
0.257926
0.25854
0.259154
0.259769
0.260383
0.260997
0.261611
0.262224
0.262838
0.263452
0.264065
0.264678
0.265292
0.265905
0.266518
0.26713
0.267743
0.268356
0.268968
0.26958
0.270192
0.270804
0.271416
0.272028
0.272639
0.27325
0.273861
0.274472
0.275083
0.275694
0.276304
0.276914
0.277524
0.278134
0.278744
0.279353
0.279963
0.280572
0.281181
0.281789
0.282398
0.283006
0.283614
0.284222
0.284829
0.285437
0.286044
0.286651
0.287257
0.287864
0.28847
0.289076
0.289681
0.290287
0.290892
0.291497
0.292102
0.292706
0.29331
0.293914
0.294518
0.295121
0.295724
0.296327
0.29693
0.297532
0.298134
0.298736
0.299337
0.299938
0.300539
0.301139
0.30174
0.302339
0.302939
0.303538
0.304137
0.304736
0.305334
0.305932
0.30653
0.307128
0.307725
0.308321
0.308918
0.309514
0.31011
0.310705
0.3113
0.311895
0.312489
0.313083
0.313677
0.31427
0.314863
0.315456
0.316048
0.31664
0.317231
0.317823
0.318413
0.319004
0.319594
0.320183
0.320773
0.321362
0.32195
0.322538
0.323126
0.323713
0.3243
0.324887
0.325473
0.326059
0.326644
0.327229
0.327814
0.328398
0.328981
0.329565
0.330148
0.33073
0.331312
0.331894
0.332475
0.333056
0.333636
0.334216
0.334796
0.335375
0.335953
0.336531
0.337109
0.337687
0.338263
0.33884
0.339416
0.339991
0.340566
0.341141
0.341715
0.342289
0.342862
0.343435
0.344007
0.344579
0.34515
0.345721
0.346291
0.346861
0.347431
0.348
0.348568
0.349136
0.349704
0.350271
0.350837
0.351403
0.351969
0.352534
0.353099
0.353663
0.354226
0.354789
0.355352
0.355914
0.356476
0.357037
0.357597
0.358157
0.358717
0.359276
0.359834
0.360392
0.36095
0.361507
0.362063
0.362619
0.363174
0.363729
0.364284
0.364837
0.365391
0.365943
0.366496
0.367047
0.367598
0.368149
0.368699
0.369248
0.369797
0.370346
0.370894
0.371441
0.371988
0.372534
0.373079
0.373625
0.374169
0.374713
0.375256
0.375799
0.376342
0.376883
0.377424
0.377965
0.378505
0.379045
0.379583
0.380122
0.38066
0.381197
0.381733
0.382269
0.382805
0.38334
0.383874
0.384408
0.384941
0.385473
0.386005
0.386537
0.387067
0.387598
0.388127
0.388656
0.389185
0.389712
0.39024
0.390766
0.391292
0.391818
0.392343
0.392867
0.393391
0.393914
0.394436
0.394958
0.395479
0.396
0.39652
0.397039
0.397558
0.398076
0.398594
0.399111
0.399627
0.400143
0.400658
0.401173
0.401686
0.4022
0.402712
0.403224
0.403736
0.404247
0.404757
0.405266
0.405775
0.406284
0.406791
0.407298
0.407805
0.408311
0.408816
0.40932
0.409824
0.410328
0.41083
0.411332
0.411834
0.412334
0.412835
0.413334
0.413833
0.414331
0.414829
0.415326
0.415822
0.416318
0.416813
0.417307
0.417801
0.418294
0.418786
0.419278
0.419769
0.42026
0.42075
0.421239
0.421728
0.422216
0.422703
0.42319
0.423676
0.424161
0.424646
0.42513
0.425613
0.426096
0.426578
0.42706
0.42754
0.42802
0.4285
0.428979
0.429457
0.429935
0.430412
0.430888
0.431363
0.431838
0.432313
0.432786
0.433259
0.433731
0.434203
0.434674
0.435144
0.435614
0.436083
0.436552
0.437019
0.437486
0.437953
0.438418
0.438883
0.439348
0.439812
0.440275
0.440737
0.441199
0.44166
0.44212
0.44258
0.443039
0.443498
0.443956
0.444413
0.444869
0.445325
0.44578
0.446235
0.446688
0.447142
0.447594
0.448046
0.448497
0.448948
0.449397
0.449847
0.450295
0.450743
0.45119
0.451637
0.452083
0.452528
0.452972
0.453416
0.453859
0.454302
0.454744
0.455185
0.455626
0.456066
0.456505
0.456943
0.457381
0.457818
0.458255
0.458691
0.459126
0.459561
0.459995
0.460428
0.460861
0.461292
0.461724
0.462154
0.462584
0.463014
0.463442
0.46387
0.464297
0.464724
0.46515
0.465575
0.466
0.466424
0.466847
0.46727
0.467692
0.468113
0.468534
0.468954
0.469374
0.469792
0.47021
0.470628
0.471044
0.471461
0.471876
0.472291
0.472705
0.473118
0.473531
0.473943
0.474355
0.474766
0.475176
0.475585
0.475994
0.476402
0.47681
0.477217
0.477623
0.478029
0.478434
0.478838
0.479242
0.479645
0.480047
0.480449
0.48085
0.48125
0.48165
0.482049
0.482447
0.482845
0.483242
0.483639
0.484035
0.48443
0.484824
0.485218
0.485612
0.486004
0.486396
0.486788
0.487178
0.487568
0.487958
0.488347
0.488735
0.489122
0.489509
0.489895
0.490281
0.490666
0.49105
0.491434
0.491817
0.492199
0.492581
0.492962
0.493343
0.493722
0.494102
0.49448
0.494858
0.495236
0.495612
0.495988
0.496364
0.496739
0.497113
0.497486
0.497859
0.498232
0.498603
0.498974
0.499345
0.499714
0.500084
0.500452
0.50082
0.501187
0.501554
0.50192
0.502286
0.50265
0.503015
0.503378
0.503741
0.504104
0.504465
0.504826
0.505187
0.505547
0.505906
0.506265
0.506623
0.50698
0.507337
0.507693
0.508049
0.508404
0.508759
0.509112
0.509466
0.509818
0.51017
0.510522
0.510872
0.511223
0.511572
0.511921
0.512269
0.512617
0.512964
0.513311
0.513657
0.514002
0.514347
0.514691
0.515035
0.515378
0.515721
0.516062
0.516404
0.516744
0.517084
0.517424
0.517763
0.518101
0.518439
0.518776
0.519112
0.519448
0.519784
0.520119
0.520453
0.520787
0.52112
0.521452
0.521784
0.522115
0.522446
0.522776
0.523106
0.523435
0.523763
0.524091
0.524419
0.524745
0.525072
0.525397
0.525722
0.526047
0.526371
0.526694
0.527017
0.527339
0.527661
0.527982
0.528302
0.528622
0.528942
0.529261
0.529579
0.529897
0.530214
0.530531
0.530847
0.531162
0.531477
0.531792
0.532105
0.532419
0.532732
0.533044
0.533356
0.533667
0.533977
0.534287
0.534597
0.534906
0.535214
0.535522
0.53583
0.536136
0.536443
0.536748
0.537054
0.537358
0.537662
0.537966
0.538269
0.538572
0.538874
0.539175
0.539476
0.539776
0.540076
0.540376
0.540675
0.540973
0.541271
0.541568
0.541865
0.542161
0.542457
0.542752
0.543047
0.543341
0.543634
0.543928
0.54422
0.544512
0.544804
0.545095
0.545386
0.545676
0.545965
0.546254
0.546543
0.546831
0.547118
0.547405
0.547692
0.547978
0.548263
0.548548
0.548833
0.549117
0.549401
0.549684
0.549966
0.550248
0.55053
0.550811
0.551091
0.551371
0.551651
0.55193
0.552209
0.552487
0.552764
0.553041
0.553318
0.553594
0.55387
0.554145
0.55442
0.554694
0.554968
0.555241
0.555514
0.555786
0.556058
0.55633
0.5566
0.556871
0.557141
0.55741
0.557679
0.557948
0.558216
0.558484
0.558751
0.559017
0.559284
0.559549
0.559815
0.560079
0.560344
0.560608
0.560871
0.561134
0.561397
0.561659
0.56192
0.562181
0.562442
0.562702
0.562962
0.563221
0.56348
0.563739
0.563997
0.564254
0.564511
0.564768
0.565024
0.56528
0.565535
0.56579
0.566045
0.566299
0.566552
0.566805
0.567058
0.56731
0.567562
0.567813
0.568064
0.568315
0.568565
0.568814
0.569063
0.569312
0.569561
0.569808
0.570056
0.570303
0.570549
0.570796
0.571041
0.571287
0.571532
0.571776
0.57202
0.572264
0.572507
0.57275
0.572992
0.573234
0.573476
0.573717
0.573957
0.574198
0.574438
0.574677
0.574916
0.575155
0.575393
0.575631
0.575868
0.576105
0.576342
0.576578
0.576814
0.577049
0.577284
0.577519
0.577753
0.577986
0.57822
0.578453
0.578685
0.578917
0.579149
0.579381
0.579611
0.579842
0.580072
0.580302
0.580531
0.58076
0.580989
0.581217
0.581445
0.581672
0.581899
0.582126
0.582352
0.582578
0.582803
0.583029
0.583253
0.583478
0.583702
0.583925
0.584148
0.584371
0.584593
0.584815
0.585037
0.585258
0.585479
0.5857
0.58592
0.58614
0.586359
0.586578
0.586797
0.587015
0.587233
0.58745
0.587667
0.587884
0.5881
0.588316
0.588532
0.588747
0.588962
0.589177
0.589391
0.589605
0.589818
0.590031
0.590244
0.590456
0.590668
0.59088
0.591091
0.591302
0.591513
0.591723
0.591933
0.592142
0.592351
0.59256
0.592768
0.592977
0.593184
0.593392
0.593599
0.593805
0.594011
0.594217
0.594423
0.594628
0.594833
0.595037
0.595242
0.595445
0.595649
0.595852
0.596055
0.596257
0.596459
0.596661
0.596862
0.597064
0.597264
0.597465
0.597665
0.597864
0.598064
0.598263
0.598461
0.59866
0.598858
0.599055
0.599252
0.599449
0.599646
0.599842
0.600038
0.600234
0.600429
0.600624
0.600819
0.601013
0.601207
0.6014
0.601594
0.601787
0.601979
0.602172
0.602364
0.602555
0.602746
0.602937
0.603128
0.603318
0.603508
0.603698
0.603887
0.604076
0.604265
0.604453
0.604641
0.604829
0.605016
0.605203
0.60539
0.605576
0.605763
0.605948
0.606134
0.606319
0.606504
0.606688
0.606872
0.607056
0.60724
0.607423
0.607606
0.607788
0.60797
0.608152
0.608334
0.608515
0.608696
0.608877
0.609057
0.609237
0.609417
0.609596
0.609775
0.609954
0.610133
0.610311
0.610489
0.610666
0.610843
0.61102
0.611197
0.611373
0.611549
0.611725
0.6119
0.612075
0.61225
0.612424
0.612598
0.612772
0.612946
0.613119
0.613292
0.613464
0.613637
0.613809
0.61398
0.614152
0.614323
0.614493
0.614664
0.614834
0.615004
0.615173
0.615343
0.615511
0.61568
0.615848
0.616016
0.616184
0.616352
0.616519
0.616685
0.616852
0.617018
0.617184
0.61735
0.617515
0.61768
0.617845
0.618009
0.618173
0.618337
0.618501
0.618664
0.618827
0.618989
0.619152
0.619314
0.619475
0.619637
0.619798
0.619959
0.620119
0.62028
0.62044
0.620599
0.620759
0.620918
0.621076
0.621235
0.621393
0.621551
0.621709
0.621866
0.622023
0.62218
0.622336
0.622492
0.622648
0.622804
0.622959
0.623114
0.623269
0.623423
0.623577
0.623731
0.623884
0.624038
0.624191
0.624343
0.624496
0.624648
0.624799
0.624951
0.625102
0.625253
0.625404
0.625554
0.625704
0.625854
0.626003
0.626152
0.626301
0.62645
0.626598
0.626746
0.626894
0.627041
0.627188
0.627335
0.627482
0.627628
0.627774
0.62792
0.628065
0.62821
0.628355
0.6285
0.628644
0.628788
0.628932
0.629075
0.629218
0.629361
0.629504
0.629646
0.629788
0.62993
0.630071
0.630212
0.630353
0.630494
0.630634
0.630774
0.630914
0.631053
0.631192
0.631331
0.63147
0.631608
0.631746
0.631884
0.632021
0.632159
0.632295
0.632432
0.632568
0.632704
0.63284
0.632976
0.633111
0.633246
0.63338
0.633515
0.633649
0.633782
0.633916
0.634049
0.634182
0.634315
0.634447
0.634579
0.634711
0.634842
0.634974
0.635104
0.635235
0.635365
0.635496
0.635625
0.635755
0.635884
0.636013
0.636142
0.63627
0.636398
0.636526
0.636654
0.636781
0.636908
0.637035
0.637161
0.637287
0.637413
0.637539
0.637664
0.637789
0.637914
0.638038
0.638162
0.638286
0.63841
0.638533
0.638656
0.638779
0.638902
0.639024
0.639146
0.639267
0.639389
0.63951
0.639631
0.639751
0.639871
0.639991
0.640111
0.640231
0.64035
0.640468
0.640587
0.640705
0.640823
0.640941
0.641059
0.641176
0.641293
0.641409
0.641526
0.641642
0.641757
0.641873
0.641988
0.642103
0.642218
0.642332
0.642446
0.64256
0.642673
0.642787
0.6429
0.643012
0.643125
0.643237
0.643349
0.64346
0.643571
0.643682
0.643793
0.643904
0.644014
0.644124
0.644233
0.644343
0.644452
0.64456
0.644669
0.644777
0.644885
0.644993
0.6451
0.645207
0.645314
0.645421
0.645527
0.645633
0.645739
0.645844
0.645949
0.646054
0.646159
0.646263
0.646367
0.646471
0.646574
0.646677
0.64678
0.646883
0.646985
0.647087
0.647189
0.647291
0.647392
0.647493
0.647593
0.647694
0.647794
0.647894
0.647993
0.648093
0.648192
0.64829
0.648389
0.648487
0.648585
0.648682
0.64878
0.648877
0.648974
0.64907
0.649166
0.649262
0.649358
0.649453
0.649548
0.649643
0.649738
0.649832
0.649926
0.65002
0.650113
0.650206
0.650299
0.650392
0.650484
0.650576
0.650668
0.65076
0.650851
0.650942
0.651033
0.651123
0.651213
0.651303
0.651392
0.651482
0.651571
0.651659
0.651748
0.651836
0.651924
0.652012
0.652099
0.652186
0.652273
0.652359
0.652446
0.652532
0.652617
0.652703
0.652788
0.652873
0.652957
0.653042
0.653126
0.653209
0.653293
0.653376
0.653459
0.653542
0.653624
0.653706
0.653788
0.653869
0.653951
0.654032
0.654112
0.654193
0.654273
0.654353
0.654433
0.654512
0.654591
0.65467
0.654748
0.654827
0.654905
0.654982
0.65506
0.655137
0.655214
0.655291
0.655367
0.655443
0.655519
0.655594
0.65567
0.655745
0.655819
0.655894
0.655968
0.656042
0.656115
0.656189
0.656262
0.656335
0.656407
0.656479
0.656551
0.656623
0.656695
0.656766
0.656837
0.656907
0.656978
0.657048
0.657118
0.657187
0.657256
0.657325
0.657394
0.657463
0.657531
0.657599
0.657666
0.657734
0.657801
0.657868
0.657934
0.658001
0.658067
0.658132
0.658198
0.658263
0.658328
0.658393
0.658457
0.658522
0.658585
0.658649
0.658713
0.658776
0.658838
0.658901
0.658963
0.659025
0.659087
0.659149
0.65921
0.659271
0.659332
0.659392
0.659452
0.659512
0.659572
0.659631
0.65969
0.659749
0.659808
0.659866
0.659924
0.659982
0.66004
0.660097
0.660154
0.660211
0.660267
0.660323
0.660379
0.660435
0.660491
0.660546
0.660601
0.660655
0.66071
0.660764
0.660818
0.660872
0.660925
0.660978
0.661031
0.661084
0.661136
0.661188
0.66124
0.661291
0.661343
0.661394
0.661445
0.661495
0.661545
0.661595
0.661645
0.661695
0.661744
0.661793
0.661842
0.66189
0.661938
0.661986
0.662034
0.662082
0.662129
0.662176
0.662223
0.662269
0.662315
0.662361
0.662407
0.662452
0.662498
0.662543
0.662587
0.662632
0.662676
0.66272
0.662764
0.662807
0.66285
0.662893
0.662936
0.662978
0.663021
0.663063
0.663104
0.663146
0.663187
0.663228
0.663269
0.663309
0.66335
0.66339
0.663429
0.663469
0.663508
0.663547
0.663586
0.663624
0.663663
0.663701
0.663739
0.663776
0.663813
0.66385
0.663887
0.663924
0.66396
0.663996
0.664032
0.664068
0.664103
0.664139
0.664173
0.664208
0.664243
0.664277
0.664311
0.664345
0.664378
0.664411
0.664444
0.664477
0.66451
0.664542
0.664574
0.664606
0.664638
0.664669
0.6647
0.664731
0.664762
0.664792
0.664822
0.664852
0.664882
0.664912
0.664941
0.66497
0.664999
0.665028
0.665056
0.665084
0.665112
0.66514
0.665167
0.665195
0.665222
0.665248
0.665275
0.665301
0.665327
0.665353
0.665379
0.665404
0.66543
0.665455
0.665479
0.665504
0.665528
0.665553
0.665576
0.6656
0.665624
0.665647
0.66567
0.665693
0.665715
0.665738
0.66576
0.665782
0.665803
0.665825
0.665846
0.665867
0.665888
0.665909
0.665929
0.665949
0.665969
0.665989
0.666009
0.666028
0.666047
0.666066
0.666085
0.666103
0.666122
0.66614
0.666158
0.666175
0.666193
0.66621
0.666227
0.666244
0.666261
0.666277
0.666293
0.666309
0.666325
0.666341
0.666356
0.666371
0.666386
0.666401
0.666416
0.66643
0.666444
0.666458
0.666472
0.666486
0.666499
0.666512
0.666525
0.666538
0.666551
0.666563
0.666575
0.666587
0.666599
0.666611
0.666622
0.666633
0.666644
0.666655
0.666666
0.666676
0.666687
0.666697
0.666707
0.666716
0.666726
0.666735
0.666744
0.666753
0.666762
0.66677
0.666779
0.666787
0.666795
0.666803
0.66681
0.666818
0.666825
0.666832
0.666839
0.666846
0.666852
0.666858
0.666865
0.666871
0.666876
0.666882
0.666887
0.666893
0.666898
0.666902
0.666907
0.666912
0.666916
0.66692
0.666924
0.666928
0.666932
0.666935
0.666938
0.666941
0.666944
0.666947
0.66695
0.666952
0.666954
0.666956
0.666958
0.66696
0.666962
0.666963
0.666964
0.666965
0.666966
0.666967
0.666967
0.666968
0.666968
0.666968
0.666968
0.666968
0.666967
0.666967
0.666966
0.666965
0.666964
0.666962
0.666961
0.666959
0.666958
0.666956
0.666954
0.666951
0.666949
0.666946
0.666944
0.666941
0.666938
0.666935
0.666931
0.666928
0.666924
0.66692
0.666916
0.666912
0.666908
0.666904
0.666899
0.666894
0.666889
0.666884
0.666879
0.666874
0.666868
0.666863
0.666857
0.666851
0.666845
0.666839
0.666832
0.666826
0.666819
0.666812
0.666805
0.666798
0.666791
0.666784
0.666776
0.666768
0.66676
0.666753
0.666744
0.666736
0.666728
0.666719
0.666711
0.666702
0.666693
0.666684
0.666674
0.666665
0.666656
0.666646
0.666636
0.666626
0.666616
0.666606
0.666596
0.666585
0.666575
0.666564
0.666553
0.666542
0.666531
0.66652
0.666508
0.666497
0.666485
0.666473
0.666462
0.666449
0.666437
0.666425
0.666413
0.6664
0.666387
0.666375
0.666362
0.666349
0.666335
0.666322
0.666309
0.666295
0.666281
0.666268
0.666254
0.66624
0.666226
0.666211
0.666197
0.666182
0.666168
0.666153
0.666138
0.666123
0.666108
0.666093
0.666077
0.666062
0.666046
0.66603
0.666015
0.665999
0.665983
0.665966
0.66595
0.665934
0.665917
0.665901
0.665884
0.665867
0.66585
0.665833
0.665816
0.665798
0.665781
0.665763
0.665746
0.665728
0.66571
0.665692
0.665674
0.665656
0.665638
0.665619
0.665601
0.665582
0.665563
0.665544
0.665525
0.665506
0.665487
0.665468
0.665449
0.665429
0.66541
0.66539
0.66537
0.66535
0.66533
0.66531
0.66529
0.66527
0.665249
0.665229
0.665208
0.665188
0.665167
0.665146
0.665125
0.665104
0.665083
0.665061
0.66504
0.665018
0.664997
0.664975
0.664953
0.664932
0.66491
0.664888
0.664865
0.664843
0.664821
0.664798
0.664776
0.664753
0.66473
0.664708
0.664685
0.664662
0.664639
0.664615
0.664592
0.664569
0.664545
0.664522
0.664498
0.664474
0.664451
0.664427
0.664403
0.664379
0.664354
0.66433
0.664306
0.664281
0.664257
0.664232
0.664207
0.664183
0.664158
0.664133
0.664108
0.664083
0.664057
0.664032
0.664007
0.663981
0.663956
0.66393
0.663904
0.663878
0.663853
0.663827
0.6638
0.663774
0.663748
0.663722
0.663695
0.663669
0.663642
0.663616
0.663589
0.663562
0.663535
0.663508
0.663481
0.663454
0.663427
0.6634
0.663372
0.663345
0.663317
0.66329
0.663262
0.663234
0.663206
0.663178
0.66315
0.663122
0.663094
0.663066
0.663038
0.663009
0.662981
0.662952
0.662924
0.662895
0.662866
0.662837
0.662808
0.662779
0.66275
0.662721
0.662692
0.662663
0.662633
0.662604
0.662574
0.662545
0.662515
0.662485
0.662455
0.662425
0.662395
0.662365
0.662335
0.662305
0.662275
0.662245
0.662214
0.662184
0.662153
0.662122
0.662092
0.662061
0.66203
0.661999
0.661968
0.661937
0.661906
0.661875
0.661844
0.661812
0.661781
0.661749
0.661718
0.661686
0.661654
0.661623
0.661591
0.661559
0.661527
0.661495
0.661463
0.66143
0.661398
0.661366
0.661333
0.661301
0.661268
0.661236
0.661203
0.66117
0.661138
0.661105
0.661072
0.661039
0.661006
0.660972
0.660939
0.660906
0.660873
0.660839
0.660806
0.660772
0.660738
0.660705
0.660671
0.660637
0.660603
0.660569
0.660535
0.660501
0.660467
0.660432
0.660398
0.660364
0.660329
0.660295
0.66026
0.660225
0.660191
0.660156
0.660121
0.660086
0.660051
0.660016
0.659981
0.659946
0.65991
0.659875
0.65984
0.659804
0.659769
0.659733
0.659697
0.659662
0.659626
0.65959
0.659554
0.659518
0.659482
0.659446
0.659409
0.659373
0.659337
0.6593
0.659264
0.659227
0.659191
0.659154
0.659117
0.65908
0.659043
0.659006
0.658969
0.658932
0.658895
0.658858
0.658821
0.658783
0.658746
0.658708
0.658671
0.658633
0.658595
0.658558
0.65852
0.658482
0.658444
0.658406
0.658368
0.65833
0.658291
0.658253
0.658215
0.658176
0.658138
0.658099
0.65806
0.658022
0.657983
0.657944
0.657905
0.657866
0.657827
0.657788
0.657749
0.657709
0.65767
0.657631
0.657591
0.657552
0.657512
0.657472
0.657432
0.657393
0.657353
0.657313
0.657273
0.657233
0.657192
0.657152
0.657112
0.657072
0.657031
0.656991
0.65695
0.656909
0.656869
0.656828
0.656787
0.656746
0.656705
0.656664
0.656623
0.656581
0.65654
0.656499
0.656457
0.656416
0.656374
0.656333
0.656291
0.656249
0.656207
0.656165
0.656123
0.656081
0.656039
0.655997
0.655954
0.655912
0.65587
0.655827
0.655785
0.655742
0.655699
0.655656
0.655614
0.655571
0.655528
0.655484
0.655441
0.655398
0.655355
0.655311
0.655268
0.655224
0.655181
0.655137
0.655093
0.655049
0.655006
0.654962
0.654917
0.654873
0.654829
0.654785
0.654741
0.654696
0.654652
0.654607
0.654562
0.654518
0.654473
0.654428
0.654383
0.654338
0.654293
0.654248
0.654202
0.654157
0.654112
0.654066
0.654021
0.653975
0.653929
0.653883
0.653838
0.653792
0.653746
0.6537
0.653653
0.653607
0.653561
0.653514
0.653468
0.653421
0.653375
0.653328
0.653281
0.653234
0.653187
0.65314
0.653093
0.653046
0.652999
0.652951
0.652904
0.652856
0.652809
0.652761
0.652713
0.652666
0.652618
0.65257
0.652522
0.652473
0.652425
0.652377
0.652329
0.65228
0.652232
0.652183
0.652134
0.652085
0.652036
0.651988
0.651939
0.651889
0.65184
0.651791
0.651742
0.651692
0.651643
0.651593
0.651543
0.651494
0.651444
0.651394
0.651344
0.651294
0.651243
0.651193
0.651143
0.651092
0.651042
0.650991
0.650941
0.65089
0.650839
0.650788
0.650737
0.650686
0.650635
0.650583
0.650532
0.650481
0.650429
0.650378
0.650326
0.650274
0.650222
0.65017
0.650118
0.650066
0.650014
0.649962
0.649909
0.649857
0.649804
0.649752
0.649699
0.649646
0.649593
0.64954
0.649487
0.649434
0.649381
0.649328
0.649274
0.649221
0.649167
0.649113
0.64906
0.649006
0.648952
0.648898
0.648844
0.64879
0.648735
0.648681
0.648627
0.648572
0.648518
0.648463
0.648408
0.648353
0.648298
0.648243
0.648188
0.648133
0.648078
0.648022
0.647967
0.647911
0.647855
0.6478
0.647744
0.647688
0.647632
0.647576
0.64752
0.647463
0.647407
0.647351
0.647294
0.647237
0.647181
0.647124
0.647067
0.64701
0.646953
0.646896
0.646839
0.646781
0.646724
0.646666
0.646609
0.646551
0.646493
0.646435
0.646377
0.646319
0.646261
0.646203
0.646145
0.646086
0.646028
0.645969
0.645911
0.645852
0.645793
0.645734
0.645675
0.645616
0.645557
0.645498
0.645438
0.645379
0.645319
0.64526
0.6452
0.64514
0.64508
0.64502
0.64496
0.6449
0.64484
0.644779
0.644719
0.644658
0.644598
0.644537
0.644476
0.644415
0.644354
0.644293
0.644232
0.644171
0.64411
0.644048
0.643987
0.643925
0.643863
0.643802
0.64374
0.643678
0.643616
0.643554
0.643491
0.643429
0.643367
0.643304
0.643242
0.643179
0.643116
0.643054
0.642991
0.642928
0.642865
0.642801
0.642738
0.642675
0.642611
0.642548
0.642484
0.642421
0.642357
0.642293
0.642229
0.642165
0.642101
0.642036
0.641972
0.641908
0.641843
0.641779
0.641714
0.641649
0.641585
0.64152
0.641455
0.64139
0.641324
0.641259
0.641194
0.641128
0.641063
0.640997
0.640932
0.640866
0.6408
0.640734
0.640668
0.640602
0.640536
0.640469
0.640403
0.640337
0.64027
0.640203
0.640137
0.64007
0.640003
0.639936
0.639869
0.639802
0.639735
0.639667
0.6396
0.639533
0.639465
0.639398
0.63933
0.639262
0.639194
0.639126
0.639058
0.63899
0.638922
0.638854
0.638785
0.638717
0.638648
0.63858
0.638511
0.638442
0.638373
0.638305
0.638236
0.638167
0.638097
0.638028
0.637959
0.637889
0.63782
0.63775
0.637681
0.637611
0.637541
0.637471
0.637401
0.637331
0.637261
0.637191
0.637121
0.637051
0.63698
0.63691
0.636839
0.636768
0.636698
0.636627
0.636556
0.636485
0.636414
0.636343
0.636272
0.636201
0.636129
0.636058
0.635986
0.635915
0.635843
0.635772
0.6357
0.635628
0.635556
0.635484
0.635412
0.63534
0.635268
0.635195
0.635123
0.635051
0.634978
0.634906
0.634833
0.63476
0.634687
0.634615
0.634542
0.634469
0.634396
0.634323
0.634249
0.634176
0.634103
0.634029
0.633956
0.633882
0.633809
0.633735
0.633661
0.633587
0.633514
0.63344
0.633366
0.633292
0.633217
0.633143
0.633069
0.632995
0.63292
0.632846
0.632771
0.632697
0.632622
0.632547
0.632472
0.632398
0.632323
0.632248
0.632173
0.632098
0.632022
0.631947
0.631872
0.631797
0.631721
0.631646
0.63157
0.631495
0.631419
0.631343
0.631267
0.631192
0.631116
0.63104
0.630964
0.630888
0.630812
0.630735
0.630659
0.630583
0.630507
0.63043
0.630354
0.630277
0.630201
0.630124
0.630047
0.629971
0.629894
0.629817
0.62974
0.629663
0.629586
0.629509
0.629432
0.629355
0.629278
0.6292
0.629123
0.629046
0.628968
0.628891
0.628813
0.628736
0.628658
0.62858
0.628502
0.628425
0.628347
0.628269
0.628191
0.628113
0.628035
0.627957
0.627879
0.627801
0.627723
0.627644
0.627566
0.627488
0.627409
0.627331
0.627252
0.627174
0.627095
0.627017
0.626938
0.626859
0.62678
0.626702
0.626623
0.626544
0.626465
0.626386
0.626307
0.626228
0.626149
0.62607
0.625991
0.625911
0.625832
0.625753
0.625674
0.625594
0.625515
0.625435
0.625356
0.625276
0.625197
0.625117
0.625038
0.624958
0.624878
0.624798
0.624719
0.624639
0.624559
0.624479
0.624399
0.624319
0.624239
0.624159
0.624079
0.623999
0.623919
0.623839
0.623758
0.623678
0.623598
0.623518
0.623437
0.623357
0.623277
0.623196
0.623116
0.623035
0.622955
0.622874
0.622794
0.622713
0.622632
0.622552
0.622471
0.62239
0.62231
0.622229
0.622148
0.622067
0.621986
0.621906
0.621825
0.621744
0.621663
0.621582
0.621501
0.62142
0.621339
0.621258
0.621177
0.621096
0.621014
0.620933
0.620852
0.620771
0.62069
0.620608
0.620527
0.620446
0.620364
0.620283
0.620202
0.62012
0.620039
0.619957
0.619876
0.619794
0.619713
0.619631
0.61955
0.619468
0.619387
0.619305
0.619224
0.619142
0.61906
0.618979
0.618897
0.618815
0.618734
0.618652
0.61857
0.618488
0.618407
0.618325
0.618243
0.618161
0.618079
0.617998
0.617916
0.617834
0.617752
0.61767
0.617588
0.617506
0.617424
0.617342
0.61726
0.617178
0.617096
0.617014
0.616932
0.61685
0.616768
0.616686
0.616604
0.616522
0.61644
0.616358
0.616276
0.616193
0.616111
0.616029
0.615947
0.615865
0.615783
0.615701
0.615618
0.615536
0.615454
0.615372
0.615289
0.615207
0.615125
0.615043
0.61496
0.614878
0.614796
0.614714
0.614631
0.614549
0.614467
0.614384
0.614302
0.61422
0.614138
0.614055
0.613973
0.61389
0.613808
0.613726
0.613643
0.613561
0.613479
0.613396
0.613314
0.613232
0.613149
0.613067
0.612984
0.612902
0.61282
0.612737
0.612655
0.612572
0.61249
0.612407
0.612325
0.612243
0.61216
0.612078
0.611995
0.611913
0.61183
0.611748
0.611666
0.611583
0.611501
0.611418
0.611336
0.611253
0.611171
0.611088
0.611006
0.610923
0.610841
0.610759
0.610676
0.610594
0.610511
0.610429
0.610346
0.610264
0.610181
0.610099
0.610016
0.609934
0.609851
0.609769
0.609686
0.609604
0.609521
0.609439
0.609356
0.609274
0.609192
0.609109
0.609027
0.608944
0.608862
0.608779
0.608697
0.608614
0.608532
0.608449
0.608367
0.608284
0.608202
0.608119
0.608037
0.607954
0.607872
0.60779
0.607707
0.607625
0.607542
0.60746
0.607377
0.607295
0.607212
0.60713
0.607047
0.606965
0.606882
0.6068
0.606717
0.606635
0.606553
0.60647
0.606388
0.606305
0.606223
0.60614
0.606058
0.605975
0.605893
0.60581
0.605728
0.605646
0.605563
0.605481
0.605398
0.605316
0.605233
0.605151
0.605068
0.604986
0.604904
0.604821
0.604739
0.604656
0.604574
0.604491
0.604409
0.604326
0.604244
0.604161
0.604079
0.603997
0.603914
0.603832
0.603749
0.603667
0.603584
0.603502
0.603419
0.603337
0.603255
0.603172
0.60309
0.603007
0.602925
0.602842
0.60276
0.602677
0.602595
0.602512
0.60243
0.602347
0.602265
0.602182
0.6021
0.602017
0.601935
0.601853
0.60177
0.601688
0.601605
0.601523
0.60144
0.601358
0.601275
0.601193
0.60111
0.601028
0.600945
0.600862
0.60078
0.600697
0.600615
0.600532
0.60045
0.600367
0.600285
0.600202
0.60012
0.600037
0.599954
0.599872
0.599789
0.599707
0.599624
0.599541
0.599459
0.599376
0.599294
0.599211
0.599128
0.599046
0.598963
0.59888
0.598798
0.598715
0.598632
0.59855
0.598467
0.598384
0.598302
0.598219
0.598136
0.598053
0.597971
0.597888
0.597805
0.597722
0.59764
0.597557
0.597474
0.597391
0.597308
0.597226
0.597143
0.59706
0.596977
0.596894
0.596811
0.596728
0.596646
0.596563
0.59648
0.596397
0.596314
0.596231
0.596148
0.596065
0.595982
0.595899
0.595816
0.595733
0.59565
0.595567
0.595484
0.595401
0.595317
0.595234
0.595151
0.595068
0.594985
0.594902
0.594818
0.594735
0.594652
0.594569
0.594486
0.594402
0.594319
0.594236
0.594152
0.594069
0.593986
0.593902
0.593819
0.593736
0.593652
0.593569
0.593485
0.593402
0.593318
0.593235
0.593151
0.593068
0.592984
0.5929
0.592817
0.592733
0.59265
0.592566
0.592482
0.592398
0.592315
0.592231
0.592147
0.592063
0.59198
0.591896
0.591812
0.591728
0.591644
0.59156
0.591476
0.591392
0.591308
0.591224
0.59114
0.591056
0.590972
0.590888
0.590804
0.59072
0.590635
0.590551
0.590467
0.590383
0.590298
0.590214
0.59013
0.590045
0.589961
0.589877
0.589792
0.589708
0.589623
0.589539
0.589454
0.589369
0.589285
0.5892
0.589116
0.589031
0.588946
0.588861
0.588777
0.588692
0.588607
0.588522
0.588437
0.588352
0.588267
0.588182
0.588097
0.588012
0.587927
0.587842
0.587757
0.587672
0.587587
0.587502
0.587416
0.587331
0.587246
0.58716
0.587075
0.58699
0.586904
0.586819
0.586733
0.586648
0.586562
0.586477
0.586391
0.586305
0.58622
0.586134
0.586048
0.585962
0.585876
0.585791
0.585705
0.585619
0.585533
0.585447
0.585361
0.585275
0.585189
0.585102
0.585016
0.58493
0.584844
0.584758
0.584671
0.584585
0.584499
0.584412
0.584326
0.584239
0.584153
0.584066
0.583979
0.583893
0.583806
0.583719
0.583633
0.583546
0.583459
0.583372
0.583285
0.583198
0.583111
0.583024
0.582937
0.58285
0.582763
0.582676
0.582589
0.582502
0.582414
0.582327
0.58224
0.582152
0.582065
0.581977
0.58189
0.581802
0.581715
0.581627
0.58154
0.581452
0.581364
0.581276
0.581189
0.581101
0.581013
0.580925
0.580837
0.580749
0.580661
0.580573
0.580485
0.580397
0.580308
0.58022
0.580132
0.580044
0.579955
0.579867
0.579779
0.57969
0.579602
0.579513
0.579424
0.579336
0.579247
0.579158
0.57907
0.578981
0.578892
0.578803
0.578714
0.578625
0.578536
0.578447
0.578358
0.578269
0.57818
0.578091
0.578002
0.577912
0.577823
0.577734
0.577644
0.577555
0.577466
0.577376
0.577287
0.577197
0.577107
0.577018
0.576928
0.576838
0.576749
0.576659
0.576569
0.576479
0.576389
0.576299
0.576209
0.576119
0.576029
0.575939
0.575849
0.575759
0.575669
0.575578
0.575488
0.575398
0.575307
0.575217
0.575127
0.575036
0.574946
0.574855
0.574764
0.574674
0.574583
0.574492
0.574402
0.574311
0.57422
0.574129
0.574038
0.573947
0.573856
0.573765
0.573674
0.573583
0.573492
0.573401
0.57331
0.573219
0.573128
0.573036
0.572945
0.572854
0.572762
0.572671
0.572579
0.572488
0.572396
0.572305
0.572213
0.572122
0.57203
0.571938
0.571847
0.571755
0.571663
0.571571
0.57148
0.571388
0.571296
0.571204
0.571112
0.57102
0.570928
0.570836
0.570744
0.570652
0.57056
0.570467
0.570375
0.570283
0.570191
0.570098
0.570006
0.569914
0.569821
0.569729
0.569636
0.569544
0.569452
0.569359
0.569266
0.569174
0.569081
0.568989
0.568896
0.568803
0.568711
0.568618
0.568525
0.568432
0.56834
0.568247
0.568154
0.568061
0.567968
0.567875
0.567782
0.567689
0.567596
0.567503
0.56741
0.567317
0.567224
0.567131
0.567038
0.566945
0.566852
0.566758
0.566665
0.566572
0.566479
0.566385
0.566292
0.566199
0.566106
0.566012
0.565919
0.565825
0.565732
0.565639
0.565545
0.565452
0.565358
0.565265
0.565171
0.565078
0.564984
0.564891
0.564797
0.564704
0.56461
0.564516
0.564423
0.564329
0.564235
0.564142
0.564048
0.563954
0.563861
0.563767
0.563673
0.56358
0.563486
0.563392
0.563298
0.563205
0.563111
0.563017
0.562923
0.562829
0.562736
0.562642
0.562548
0.562454
0.56236
0.562266
0.562173
0.562079
0.561985
0.561891
0.561797
0.561703
0.561609
0.561515
0.561421
0.561328
0.561234
0.56114
0.561046
0.560952
0.560858
0.560764
0.56067
0.560576
0.560482
0.560388
0.560294
0.560201
0.560107
0.560013
0.559919
0.559825
0.559731
0.559637
0.559543
0.559449
0.559355
0.559261
0.559167
0.559073
0.55898
0.558886
0.558792
0.558698
0.558604
0.55851
0.558416
0.558322
0.558228
0.558135
0.558041
0.557947
0.557853
0.557759
0.557665
0.557571
0.557478
0.557384
0.55729
0.557196
0.557103
0.557009
0.556915
0.556821
0.556728
0.556634
0.55654
0.556446
0.556353
0.556259
0.556165
0.556072
0.555978
0.555884
0.555791
0.555697
0.555604
0.55551
0.555416
0.555323
0.555229
0.555136
0.555042
0.554949
0.554855
0.554762
0.554669
0.554575
0.554482
0.554388
0.554295
0.554202
0.554108
0.554015
0.553922
0.553828
0.553735
0.553642
0.553549
0.553455
0.553362
0.553269
0.553176
0.553083
0.55299
0.552897
0.552804
0.552711
0.552618
0.552525
0.552432
0.552339
0.552246
0.552153
0.55206
0.551967
0.551874
0.551781
0.551689
0.551596
0.551503
0.55141
0.551318
0.551225
0.551132
0.55104
0.550947
0.550855
0.550762
0.550669
0.550577
0.550484
0.550392
0.5503
0.550207
0.550115
0.550022
0.54993
0.549838
0.549746
0.549653
0.549561
0.549469
0.549377
0.549285
0.549193
0.549101
0.549008
0.548916
0.548824
0.548732
0.548641
0.548549
0.548457
0.548365
0.548273
0.548181
0.54809
0.547998
0.547906
0.547814
0.547723
0.547631
0.54754
0.547448
0.547356
0.547265
0.547173
0.547082
0.546991
0.546899
0.546808
0.546716
0.546625
0.546534
0.546443
0.546351
0.54626
0.546169
0.546078
0.545987
0.545896
0.545805
0.545714
0.545623
0.545532
0.545441
0.54535
0.545259
0.545168
0.545078
0.544987
0.544896
0.544805
0.544715
0.544624
0.544533
0.544443
0.544352
0.544262
0.544171
0.544081
0.54399
0.5439
0.543809
0.543719
0.543629
0.543539
0.543448
0.543358
0.543268
0.543178
0.543087
0.542997
0.542907
0.542817
0.542727
0.542637
0.542547
0.542457
0.542367
0.542277
0.542187
0.542097
0.542008
0.541918
0.541828
0.541738
0.541649
0.541559
0.541469
0.54138
0.54129
0.5412
0.541111
0.541021
0.540932
0.540842
0.540753
0.540663
0.540574
0.540484
0.540395
0.540306
0.540216
0.540127
0.540038
0.539949
0.539859
0.53977
0.539681
0.539592
0.539503
0.539413
0.539324
0.539235
0.539146
0.539057
0.538968
0.538879
0.53879
0.538701
0.538612
0.538523
0.538434
0.538346
0.538257
0.538168
0.538079
0.53799
0.537901
0.537813
0.537724
0.537635
0.537546
0.537458
0.537369
0.53728
0.537192
0.537103
0.537014
0.536926
0.536837
0.536749
0.53666
0.536571
0.536483
0.536394
0.536306
0.536217
0.536129
0.53604
0.535952
0.535863
0.535775
0.535687
0.535598
0.53551
0.535421
0.535333
0.535244
0.535156
0.535068
0.534979
0.534891
0.534803
0.534714
0.534626
0.534538
0.534449
0.534361
0.534273
0.534184
0.534096
0.534008
0.533919
0.533831
0.533743
0.533654
0.533566
0.533478
0.53339
0.533301
0.533213
0.533125
0.533036
0.532948
0.53286
0.532772
0.532683
0.532595
0.532507
0.532418
0.53233
0.532242
0.532153
0.532065
0.531977
0.531888
0.5318
0.531712
0.531624
0.531535
0.531447
0.531358
0.53127
0.531182
0.531093
0.531005
0.530917
0.530828
0.53074
0.530651
0.530563
0.530475
0.530386
0.530298
0.530209
0.530121
0.530032
0.529944
0.529855
0.529767
0.529678
0.52959
0.529501
0.529412
0.529324
0.529235
0.529147
0.529058
0.528969
0.528881
0.528792
0.528703
0.528615
0.528526
0.528437
0.528348
0.528259
0.528171
0.528082
0.527993
0.527904
0.527815
0.527726
0.527637
0.527548
0.52746
0.527371
0.527282
0.527192
0.527103
0.527014
0.526925
0.526836
0.526747
0.526658
0.526569
0.526479
0.52639
0.526301
0.526212
0.526122
0.526033
0.525944
0.525854
0.525765
0.525675
0.525586
0.525496
0.525407
0.525317
0.525228
0.525138
0.525048
0.524959
0.524869
0.524779
0.52469
0.5246
0.52451
0.52442
0.52433
0.52424
0.524151
0.524061
0.523971
0.523881
0.523791
0.5237
0.52361
0.52352
0.52343
0.52334
0.52325
0.523159
0.523069
0.522979
0.522888
0.522798
0.522708
0.522617
0.522527
0.522436
0.522346
0.522255
0.522164
0.522074
0.521983
0.521892
0.521802
0.521711
0.52162
0.521529
0.521438
0.521347
0.521256
0.521165
0.521074
0.520983
0.520892
0.520801
0.52071
0.520619
0.520528
0.520436
0.520345
0.520254
0.520162
0.520071
0.51998
0.519888
0.519797
0.519705
0.519614
0.519522
0.519431
0.519339
0.519247
0.519155
0.519064
0.518972
0.51888
0.518788
0.518696
0.518605
0.518513
0.518421
0.518329
0.518237
0.518145
0.518053
0.51796
0.517868
0.517776
0.517684
0.517592
0.517499
0.517407
0.517315
0.517222
0.51713
0.517038
0.516945
0.516853
0.51676
0.516668
0.516575
0.516483
0.51639
0.516297
0.516205
0.516112
0.516019
0.515927
0.515834
0.515741
0.515648
0.515555
0.515462
0.51537
0.515277
0.515184
0.515091
0.514998
0.514905
0.514812
0.514719
0.514626
0.514533
0.51444
0.514346
0.514253
0.51416
0.514067
0.513974
0.51388
0.513787
0.513694
0.513601
0.513507
0.513414
0.513321
0.513227
0.513134
0.513041
0.512947
0.512854
0.512761
0.512667
0.512574
0.51248
0.512387
0.512293
0.5122
0.512106
0.512013
0.511919
0.511826
0.511732
0.511639
0.511545
0.511452
0.511358
0.511265
0.511171
0.511078
0.510984
0.510891
0.510797
0.510703
0.51061
0.510516
0.510423
0.510329
0.510236
0.510142
0.510049
0.509955
0.509861
0.509768
0.509674
0.509581
0.509487
0.509394
0.5093
0.509207
0.509113
0.50902
0.508926
0.508833
0.508739
0.508646
0.508552
0.508459
0.508366
0.508272
0.508179
0.508085
0.507992
0.507899
0.507805
0.507712
0.507619
0.507525
0.507432
0.507339
0.507246
0.507153
0.507059
0.506966
0.506873
0.50678
0.506687
0.506594
0.506501
0.506408
0.506315
0.506222
0.506129
0.506036
0.505943
0.50585
0.505757
0.505665
0.505572
0.505479
0.505386
0.505294
0.505201
0.505108
0.505016
0.504923
0.504831
0.504738
0.504646
0.504554
0.504461
0.504369
0.504277
0.504184
0.504092
0.504
0.503908
0.503816
0.503724
0.503632
0.50354
0.503448
0.503356
0.503264
0.503172
0.503081
0.502989
0.502897
0.502806
0.502714
0.502623
0.502531
0.50244
0.502349
0.502257
0.502166
0.502075
0.501984
0.501892
0.501801
0.50171
0.501619
0.501529
0.501438
0.501347
0.501256
0.501165
0.501075
0.500984
0.500894
0.500803
0.500713
0.500622
0.500532
0.500442
0.500352
0.500262
0.500171
0.500081
0.499991
0.499902
0.499812
0.499722
0.499632
0.499542
0.499453
0.499363
0.499274
0.499184
0.499095
0.499006
0.498916
0.498827
0.498738
0.498649
0.49856
0.498471
0.498382
0.498293
0.498204
0.498116
0.498027
0.497938
0.49785
0.497761
0.497673
0.497584
0.497496
0.497408
0.49732
0.497231
0.497143
0.497055
0.496967
0.496879
0.496792
0.496704
0.496616
0.496528
0.496441
0.496353
0.496266
0.496178
0.496091
0.496004
0.495916
0.495829
0.495742
0.495655
0.495568
0.495481
0.495394
0.495307
0.49522
0.495133
0.495047
0.49496
0.494873
0.494787
0.4947
0.494614
0.494527
0.494441
0.494355
0.494268
0.494182
0.494096
0.49401
0.493924
0.493838
0.493752
0.493666
0.49358
0.493494
0.493408
0.493322
0.493236
0.493151
0.493065
0.492979
0.492894
0.492808
0.492723
0.492637
0.492552
0.492466
0.492381
0.492296
0.49221
0.492125
0.49204
0.491955
0.491869
0.491784
0.491699
0.491614
0.491529
0.491444
0.491359
0.491274
0.491189
0.491104
0.491019
0.490934
0.490849
0.490764
0.490679
0.490594
0.490509
0.490424
0.49034
0.490255
0.49017
0.490085
0.49
0.489915
0.489831
0.489746
0.489661
0.489576
0.489491
0.489407
0.489322
0.489237
0.489152
0.489067
0.488983
0.488898
0.488813
0.488728
0.488643
0.488558
0.488474
0.488389
0.488304
0.488219
0.488134
0.488049
0.487964
0.487879
0.487794
0.487709
0.487624
0.487539
0.487454
0.487368
0.487283
0.487198
0.487113
0.487028
0.486942
0.486857
0.486772
0.486686
0.486601
0.486515
0.48643
0.486344
0.486259
0.486173
0.486087
0.486001
0.485916
0.48583
0.485744
0.485658
0.485572
0.485486
0.4854
0.485314
0.485228
0.485141
0.485055
0.484969
0.484882
0.484796
0.484709
0.484623
0.484536
0.484449
0.484363
0.484276
0.484189
0.484102
0.484015
0.483928
0.483841
0.483753
0.483666
0.483579
0.483491
0.483404
0.483316
0.483229
0.483141
0.483053
0.482965
0.482877
0.482789
0.482701
0.482613
0.482525
0.482436
0.482348
0.48226
0.482171
0.482082
0.481994
0.481905
0.481816
0.481727
0.481638
0.481549
0.48146
0.481371
0.481282
0.481192
0.481103
0.481013
0.480924
0.480834
0.480744
0.480655
0.480565
0.480475
0.480385
0.480295
0.480205
0.480114
0.480024
0.479934
0.479843
0.479753
0.479662
0.479572
0.479481
0.47939
0.479299
0.479209
0.479118
0.479027
0.478936
0.478845
0.478753
0.478662
0.478571
0.47848
0.478388
0.478297
0.478205
0.478114
0.478022
0.477931
0.477839
0.477747
0.477656
0.477564
0.477472
0.47738
0.477289
0.477197
0.477105
0.477013
0.476921
0.476829
0.476737
0.476645
0.476553
0.476461
0.476369
0.476277
0.476185
0.476093
0.476001
0.475909
0.475817
0.475725
0.475633
0.475541
0.475449
0.475358
0.475266
0.475174
0.475082
0.47499
0.474898
0.474807
0.474715
0.474624
0.474532
0.47444
0.474349
0.474258
0.474166
0.474075
0.473984
0.473893
0.473802
0.473711
0.47362
0.473529
0.473438
0.473348
0.473257
0.473167
0.473076
0.472986
0.472896
0.472806
0.472716
0.472626
0.472537
0.472447
0.472358
0.472268
0.472179
0.47209
0.472001
0.471913
0.471824
0.471736
0.471647
0.471559
0.471471
0.471384
0.471296
0.471209
0.471121
0.471034
0.470947
0.47086
0.470774
0.470687
0.470601
0.470515
0.470429
0.470344
0.470258
0.470173
0.470088
0.470003
0.469918
0.469834
0.46975
0.469665
0.469582
0.469498
0.469414
0.469331
0.469248
0.469165
0.469082
0.469
0.468918
0.468836
0.468754
0.468672
0.468591
0.468509
0.468428
0.468347
0.468267
0.468186
0.468106
0.468025
0.467945
0.467866
0.467786
0.467706
0.467627
0.467548
0.467469
0.46739
0.467311
0.467232
0.467154
0.467075
0.466997
0.466919
0.46684
0.466762
0.466684
0.466606
0.466528
0.46645
0.466372
0.466294
0.466216
0.466139
0.466061
0.465983
0.465904
0.465826
0.465748
0.46567
0.465591
0.465512
0.465433
0.465354
0.465275
0.465196
0.465116
0.465036
0.464956
0.464875
0.464794
0.464712
0.464631
0.464548
0.464466
0.464382
0.464299
0.464214
0.464129
0.464044
0.463958
0.463871
0.463783
0.463695
0.463605
0.463515
0.463424
0.463332
0.46324
0.463146
0.463051
0.462954
0.462857
0.462759
0.462659
0.462558
0.462455
0.462351
0.462246
0.462139
0.46203
0.46192
0.461807
0.461694
0.461578
0.46146
0.46134
